United Kingdom, Female population exposure by calendar year and age (Lexis squares, age in completed years (ACY))
Last modified: 01/12/2022
Year    Age        Exposure
1974     12       447909.85
1974     13       437410.25
1974     14       420224.90
1974     15       414891.54
1974     16       402952.58
1974     17       392257.69
1974     18       384475.46
1974     19       377134.10
1974     20       381457.69
1974     21       380614.64
1974     22       378849.52
1974     23       387828.44
1974     24       399294.53
1974     25       414315.35
1974     26       436666.19
1974     27       460855.10
1974     28       389268.66
1974     29       373398.12
1974     30       366400.25
1974     31       356834.47
1974     32       329818.37
1974     33       312387.63
1974     34       321998.16
1974     35       326179.11
1974     36       326522.86
1974     37       321157.42
1974     38       317367.40
1974     39       311877.22
1974     40       307662.93
1974     41       310374.86
1974     42       319060.71
1974     43       327094.97
1974     44       330770.93
1974     45       329778.01
1974     46       330011.19
1974     47       334951.69
1974     48       340695.78
1974     49       344641.94
1974     50       348925.44
1974     51       357309.75
1974     52       373040.76
1974     53       392205.03
1974     54       374308.83
1974     55       312688.83
1975     12       454721.29
1975     13       448185.80
1975     14       437529.85
1975     15       421042.48
1975     16       415596.99
1975     17       403803.51
1975     18       393289.42
1975     19       385711.59
1975     20       378071.65
1975     21       381984.21
1975     22       381461.24
1975     23       379294.13
1975     24       387784.32
1975     25       397354.23
1975     26       412212.62
1975     27       434613.32
1975     28       458662.66
1975     29       387749.45
1975     30       371735.65
1975     31       365173.19
1975     32       355613.02
1975     33       328788.88
1975     34       311074.06
1975     35       320433.69
1975     36       325142.02
1975     37       325546.40
1975     38       320289.08
1975     39       316344.46
1975     40       310779.60
1975     41       306574.06
1975     42       309576.28
1975     43       317959.65
1975     44       326165.69
1975     45       329592.27
1975     46       328394.76
1975     47       328605.71
1975     48       333472.48
1975     49       338978.56
1975     50       342604.77
1975     51       346853.21
1975     52       355151.52
1975     53       370620.19
1975     54       389558.02
1975     55       371693.11
1976     12       460083.06
1976     13       454987.46
1976     14       448425.96
1976     15       438319.80
1976     16       421849.73
1976     17       416518.08
1976     18       405062.48
1976     19       394736.42
1976     20       386995.55
1976     21       378888.59
1976     22       382778.25
1976     23       382112.65
1976     24       379492.37
1976     25       386595.01
1976     26       396173.07
1976     27       411109.52
1976     28       433588.44
1976     29       457837.99
1976     30       386963.71
1976     31       371165.55
1976     32       364635.00
1976     33       355124.48
1976     34       328061.86
1976     35       310240.17
1976     36       319721.76
1976     37       324420.34
1976     38       324813.31
1976     39       319536.96
1976     40       315527.66
1976     41       310052.80
1976     42       305996.42
1976     43       308761.19
1976     44       317159.97
1976     45       325242.73
1976     46       328362.00
1976     47       327200.24
1976     48       327312.26
1976     49       331966.82
1976     50       337147.51
1976     51       340748.46
1976     52       344821.91
1976     53       352934.99
1976     54       368226.32
1976     55       387058.44
1977     12       462170.39
1977     13       460610.77
1977     14       455523.43
1977     15       449337.61
1977     16       439337.09
1977     17       422991.11
1977     18       417816.05
1977     19       406637.33
1977     20       396238.65
1977     21       388100.52
1977     22       379446.57
1977     23       383465.47
1977     24       382610.04
1977     25       379064.03
1977     26       386015.28
1977     27       395551.86
1977     28       410619.08
1977     29       433069.46
1977     30       457215.94
1977     31       386592.78
1977     32       370734.49
1977     33       364295.53
1977     34       354601.31
1977     35       327675.21
1977     36       309706.93
1977     37       319069.59
1977     38       323660.97
1977     39       324165.40
1977     40       319013.86
1977     41       315007.25
1977     42       309551.00
1977     43       305366.39
1977     44       308090.04
1977     45       316465.61
1977     46       324362.97
1977     47       327406.19
1977     48       326163.86
1977     49       326100.68
1977     50       330504.96
1977     51       335456.04
1977     52       338841.40
1977     53       342752.37
1977     54       350722.40
1977     55       365850.85
1978     12       455865.16
1978     13       463045.71
1978     14       461442.33
1978     15       456604.29
1978     16       450568.84
1978     17       440699.37
1978     18       424334.06
1978     19       419612.17
1978     20       408249.55
1978     21       397508.95
1978     22       388534.84
1978     23       379761.20
1978     24       383783.06
1978     25       382212.96
1978     26       378342.39
1978     27       385164.44
1978     28       394854.32
1978     29       409933.98
1978     30       432163.19
1978     31       456434.73
1978     32       385812.23
1978     33       370267.69
1978     34       363775.05
1978     35       354100.81
1978     36       327160.08
1978     37       309151.93
1978     38       318500.87
1978     39       323098.78
1978     40       323821.94
1978     41       318651.66
1978     42       314574.34
1978     43       309024.19
1978     44       304955.04
1978     45       307536.02
1978     46       315820.39
1978     47       323572.21
1978     48       326503.77
1978     49       325140.71
1978     50       324898.37
1978     51       328932.35
1978     52       333605.28
1978     53       336774.51
1978     54       340541.86
1978     55       348243.58
1979     12       451486.20
1979     13       456588.08
1979     14       464054.42
1979     15       462747.48
1979     16       457990.44
1979     17       451983.92
1979     18       442193.58
1979     19       426232.26
1979     20       421210.40
1979     21       409609.53
1979     22       398161.91
1979     23       388692.51
1979     24       379679.42
1979     25       383047.44
1979     26       381307.19
1979     27       377321.04
1979     28       384202.32
1979     29       393962.04
1979     30       408855.41
1979     31       431341.54
1979     32       455636.07
1979     33       385327.33
1979     34       369849.57
1979     35       363276.29
1979     36       353664.48
1979     37       326661.23
1979     38       308798.94
1979     39       318116.20
1979     40       322822.65
1979     41       323651.67
1979     42       318299.98
1979     43       314136.13
1979     44       308762.81
1979     45       304523.63
1979     46       306961.86
1979     47       315126.88
1979     48       322752.32
1979     49       325532.81
1979     50       324063.34
1979     51       323514.95
1979     52       327185.36
1979     53       331623.84
1979     54       334624.90
1979     55       338125.07
1980     12       440691.76
1980     13       451614.75
1980     14       457247.40
1980     15       465339.84
1980     16       464032.01
1980     17       459342.91
1980     18       453788.30
1980     19       444416.87
1980     20       428044.73
1980     21       422875.27
1980     22       410670.97
1980     23       398655.19
1980     24       388665.36
1980     25       379146.02
1980     26       382497.76
1980     27       379887.67
1980     28       376245.78
1980     29       383050.09
1980     30       392373.11
1980     31       408151.97
1980     32       430678.69
1980     33       455143.82
1980     34       384942.18
1980     35       369346.23
1980     36       362799.15
1980     37       353015.02
1980     38       326197.61
1980     39       308491.11
1980     40       317721.34
1980     41       322604.21
1980     42       323321.07
1980     43       317837.68
1980     44       313711.94
1980     45       308349.49
1980     46       304045.39
1980     47       306345.08
1980     48       314496.79
1980     49       321791.39
1980     50       324348.78
1980     51       322723.97
1980     52       321841.41
1980     53       325283.49
1980     54       329582.10
1980     55       332360.17
1981     12       435747.43
1981     13       440328.16
1981     14       451605.08
1981     15       458112.10
1981     16       466290.62
1981     17       465561.52
1981     18       461218.75
1981     19       457031.80
1981     20       446527.64
1981     21       429441.86
1981     22       423333.59
1981     23       410469.33
1981     24       397990.59
1981     25       387759.48
1981     26       378184.03
1981     27       379968.62
1981     28       378147.58
1981     29       374188.14
1981     30       380544.20
1981     31       391193.81
1981     32       407056.34
1981     33       429967.83
1981     34       454636.19
1981     35       384408.67
1981     36       368747.65
1981     37       362059.86
1981     38       352294.69
1981     39       325614.46
1981     40       307809.59
1981     41       317161.02
1981     42       322031.45
1981     43       322676.15
1981     44       317111.53
1981     45       313097.72
1981     46       307750.46
1981     47       303354.05
1981     48       305655.53
1981     49       313427.01
1981     50       320371.33
1981     51       322960.47
1981     52       321077.37
1981     53       319988.57
1981     54       323263.47
1981     55       327355.98
1982     12       420579.92
1982     13       435208.48
1982     14       440097.88
1982     15       451962.40
1982     16       458731.45
1982     17       468751.68
1982     18       467345.63
1982     19       465914.81
1982     20       459507.30
1982     21       447187.56
1982     22       428702.78
1982     23       421671.78
1982     24       408462.73
1982     25       395979.54
1982     26       385635.03
1982     27       375224.17
1982     28       377408.51
1982     29       375313.53
1982     30       371655.46
1982     31       378927.40
1982     32       389883.74
1982     33       406219.90
1982     34       429571.05
1982     35       454447.99
1982     36       383968.31
1982     37       368108.38
1982     38       361170.42
1982     39       351392.49
1982     40       324646.35
1982     41       306899.08
1982     42       316228.55
1982     43       321140.51
1982     44       321794.82
1982     45       316242.33
1982     46       312226.57
1982     47       306897.67
1982     48       302431.49
1982     49       304544.92
1982     50       312032.43
1982     51       319007.38
1982     52       321430.31
1982     53       319381.81
1982     54       318025.16
1982     55       321213.41
1983     12       421020.77
1983     13       420078.98
1983     14       435002.02
1983     15       440306.46
1983     16       452564.99
1983     17       461547.39
1983     18       470267.28
1983     19       471529.98
1983     20       468270.54
1983     21       460107.42
1983     22       446596.42
1983     23       427264.94
1983     24       420063.95
1983     25       406981.05
1983     26       394432.84
1983     27       383825.00
1983     28       373265.74
1983     29       375367.35
1983     30       373853.73
1983     31       370645.37
1983     32       378214.91
1983     33       389462.41
1983     34       406278.62
1983     35       429933.89
1983     36       454364.91
1983     37       383557.09
1983     38       367272.07
1983     39       360419.49
1983     40       350531.79
1983     41       323738.18
1983     42       306013.86
1983     43       315328.76
1983     44       320322.60
1983     45       320977.09
1983     46       315368.91
1983     47       311394.31
1983     48       305934.29
1983     49       301442.23
1983     50       303360.04
1983     51       310727.08
1983     52       317607.87
1983     53       319945.09
1983     54       317580.54
1983     55       316195.77
1984     12       397382.46
1984     13       420890.99
1984     14       419931.98
1984     15       435351.34
1984     16       441064.40
1984     17       454717.51
1984     18       462580.45
1984     19       472283.78
1984     20       473094.01
1984     21       469058.67
1984     22       460484.86
1984     23       446443.53
1984     24       427100.61
1984     25       420051.23
1984     26       407090.89
1984     27       394300.26
1984     28       383365.58
1984     29       372683.26
1984     30       375118.67
1984     31       373837.74
1984     32       370824.66
1984     33       378528.83
1984     34       390111.60
1984     35       407071.21
1984     36       430252.71
1984     37       454359.70
1984     38       383037.53
1984     39       366855.84
1984     40       359998.19
1984     41       349981.36
1984     42       323146.46
1984     43       305377.37
1984     44       314653.65
1984     45       319694.48
1984     46       320315.16
1984     47       314700.33
1984     48       310523.65
1984     49       305033.74
1984     50       300390.74
1984     51       302219.89
1984     52       309420.19
1984     53       316258.45
1984     54       318350.93
1984     55       315847.35
1985     12       375272.49
1985     13       397845.76
1985     14       421128.41
1985     15       420440.64
1985     16       436185.92
1985     17       442871.50
1985     18       455777.37
1985     19       463999.60
1985     20       473932.06
1985     21       474085.72
1985     22       469944.90
1985     23       460990.54
1985     24       446950.53
1985     25       427604.15
1985     26       420851.92
1985     27       407880.76
1985     28       394895.27
1985     29       383613.52
1985     30       373240.73
1985     31       375777.38
1985     32       374703.75
1985     33       371734.51
1985     34       379696.12
1985     35       391095.52
1985     36       407749.01
1985     37       430566.66
1985     38       454091.93
1985     39       382802.28
1985     40       366746.96
1985     41       359775.38
1985     42       349625.31
1985     43       322725.80
1985     44       304876.69
1985     45       314023.97
1985     46       319147.10
1985     47       319775.84
1985     48       313910.73
1985     49       309637.46
1985     50       304001.90
1985     51       299385.88
1985     52       301034.23
1985     53       308070.20
1985     54       314775.94
1985     55       316763.50
1986     12       353551.28
1986     13       375965.72
1986     14       398423.30
1986     15       421651.89
1986     16       421099.51
1986     17       437872.41
1986     18       444055.51
1986     19       457476.49
1986     20       466056.70
1986     21       475110.52
1986     22       475002.55
1986     23       470373.31
1986     24       461421.30
1986     25       447306.14
1986     26       428147.20
1986     27       421578.76
1986     28       408641.13
1986     29       395353.46
1986     30       384541.29
1986     31       374023.56
1986     32       376785.43
1986     33       375718.99
1986     34       372967.81
1986     35       380463.45
1986     36       391918.90
1986     37       408038.67
1986     38       430261.64
1986     39       453827.98
1986     40       382624.23
1986     41       366495.61
1986     42       359474.16
1986     43       349234.55
1986     44       322251.19
1986     45       304201.74
1986     46       313400.80
1986     47       318554.32
1986     48       318969.55
1986     49       312977.35
1986     50       308499.21
1986     51       302904.66
1986     52       298198.78
1986     53       299625.76
1986     54       306534.44
1986     55       313248.19
1987     12       340459.82
1987     13       354166.63
1987     14       376484.78
1987     15       398814.59
1987     16       422054.87
1987     17       422423.05
1987     18       438671.31
1987     19       445388.88
1987     20       459127.60
1987     21       466857.65
1987     22       475631.74
1987     23       474875.79
1987     24       470139.49
1987     25       461197.58
1987     26       447106.62
1987     27       428105.28
1987     28       421588.22
1987     29       408695.62
1987     30       396163.47
1987     31       384956.00
1987     32       374631.24
1987     33       377416.40
1987     34       376594.94
1987     35       373452.42
1987     36       381202.95
1987     37       392045.41
1987     38       407579.80
1987     39       429936.75
1987     40       453276.79
1987     41       382214.57
1987     42       366085.16
1987     43       359085.33
1987     44       348730.11
1987     45       321506.25
1987     46       303550.19
1987     47       312660.01
1987     48       317689.96
1987     49       318046.17
1987     50       311740.76
1987     51       307307.93
1987     52       301616.60
1987     53       296766.75
1987     54       298112.65
1987     55       304927.42
1988     12       327117.57
1988     13       341005.45
1988     14       354554.35
1988     15       376923.30
1988     16       399250.79
1988     17       423346.03
1988     18       422704.44
1988     19       439608.13
1988     20       446547.07
1988     21       459569.93
1988     22       467136.06
1988     23       475264.54
1988     24       474293.47
1988     25       469584.42
1988     26       460551.57
1988     27       446628.69
1988     28       427505.77
1988     29       421144.36
1988     30       409220.00
1988     31       396345.16
1988     32       385337.35
1988     33       374985.14
1988     34       377984.99
1988     35       377017.59
1988     36       373970.56
1988     37       381193.34
1988     38       391496.54
1988     39       407137.50
1988     40       429137.72
1988     41       452845.04
1988     42       381856.20
1988     43       365744.08
1988     44       358740.78
1988     45       347994.78
1988     46       320952.90
1988     47       302879.12
1988     48       311784.74
1988     49       316853.92
1988     50       316851.93
1988     51       310625.61
1988     52       306070.83
1988     53       300242.08
1988     54       295356.94
1988     55       296588.18
1989     12       315604.51
1989     13       327708.18
1989     14       341542.48
1989     15       355246.29
1989     16       377643.97
1989     17       400811.55
1989     18       423469.90
1989     19       423463.17
1989     20       440677.26
1989     21       447138.13
1989     22       460016.32
1989     23       467173.97
1989     24       475040.16
1989     25       474102.15
1989     26       469272.23
1989     27       460341.50
1989     28       446091.07
1989     29       426936.66
1989     30       421499.92
1989     31       409616.90
1989     32       397083.06
1989     33       385942.26
1989     34       375675.36
1989     35       378693.52
1989     36       377553.01
1989     37       374072.91
1989     38       380732.53
1989     39       391166.17
1989     40       406492.38
1989     41       428932.70
1989     42       452774.73
1989     43       381520.58
1989     44       365540.79
1989     45       358140.10
1989     46       347604.01
1989     47       320423.67
1989     48       302106.46
1989     49       310983.13
1989     50       315771.89
1989     51       315864.46
1989     52       309500.87
1989     53       304792.97
1989     54       298850.53
1989     55       293945.62
1990     12       322225.41
1990     13       316345.05
1990     14       328499.69
1990     15       342445.91
1990     16       356207.17
1990     17       379516.83
1990     18       401188.13
1990     19       424534.02
1990     20       424731.27
1990     21       441480.09
1990     22       447915.94
1990     23       460530.80
1990     24       467546.26
1990     25       475526.55
1990     26       474362.49
1990     27       469374.17
1990     28       460078.68
1990     29       445618.51
1990     30       427354.39
1990     31       422184.05
1990     32       410842.49
1990     33       398272.69
1990     34       387188.63
1990     35       376758.04
1990     36       379521.78
1990     37       377975.02
1990     38       373965.32
1990     39       380836.62
1990     40       390919.72
1990     41       406590.70
1990     42       429051.80
1990     43       452474.01
1990     44       381274.81
1990     45       365001.73
1990     46       357872.81
1990     47       347188.00
1990     48       319768.24
1990     49       301389.15
1990     50       309971.56
1990     51       314838.34
1990     52       314807.85
1990     53       308309.21
1990     54       303399.57
1990     55       297386.61
1991     12       345962.04
1991     13       322964.44
1991     14       317074.90
1991     15       329354.52
1991     16       343381.75
1991     17       357814.91
1991     18       380092.19
1991     19       403178.07
1991     20       426294.63
1991     21       425700.29
1991     22       442733.37
1991     23       448896.56
1991     24       461356.73
1991     25       468563.41
1991     26       476098.05
1991     27       474420.41
1991     28       469120.08
1991     29       459725.97
1991     30       445782.75
1991     31       427791.54
1991     32       423183.91
1991     33       411950.94
1991     34       399511.79
1991     35       387939.95
1991     36       377580.56
1991     37       380111.02
1991     38       378040.23
1991     39       374175.99
1991     40       380757.33
1991     41       391083.61
1991     42       406617.76
1991     43       428864.91
1991     44       452275.21
1991     45       380291.59
1991     46       364878.23
1991     47       357628.47
1991     48       346466.12
1991     49       319155.36
1991     50       300484.26
1991     51       309234.76
1991     52       313949.67
1991     53       313731.78
1991     54       307071.20
1991     55       302059.14
1992     12       357034.05
1992     13       346499.63
1992     14       323424.11
1992     15       317780.59
1992     16       329947.12
1992     17       344108.35
1992     18       358090.86
1992     19       383295.21
1992     20       404721.55
1992     21       427682.85
1992     22       427097.60
1992     23       443978.03
1992     24       449679.19
1992     25       462299.56
1992     26       469105.40
1992     27       475903.71
1992     28       473681.92
1992     29       468472.27
1992     30       458970.94
1992     31       445508.04
1992     32       427850.71
1992     33       423420.99
1992     34       412307.67
1992     35       399456.05
1992     36       388379.25
1992     37       378048.75
1992     38       380210.86
1992     39       378144.19
1992     40       374013.14
1992     41       380779.77
1992     42       390897.07
1992     43       406351.30
1992     44       428692.89
1992     45       450648.28
1992     46       379896.44
1992     47       364818.75
1992     48       356884.04
1992     49       345784.70
1992     50       318306.91
1992     51       300036.86
1992     52       308645.75
1992     53       312970.37
1992     54       312728.16
1992     55       305967.14
1993     12       357883.43
1993     13       357442.21
1993     14       346821.01
1993     15       324074.71
1993     16       318224.04
1993     17       330243.20
1993     18       344156.20
1993     19       362425.18
1993     20       383881.32
1993     21       406610.98
1993     22       429342.32
1993     23       428543.83
1993     24       444882.79
1993     25       450610.39
1993     26       463236.01
1993     27       469547.79
1993     28       475432.81
1993     29       473117.37
1993     30       467634.01
1993     31       458629.06
1993     32       445271.54
1993     33       427814.61
1993     34       423387.49
1993     35       412039.79
1993     36       399807.80
1993     37       388732.89
1993     38       378405.72
1993     39       380560.89
1993     40       377976.21
1993     41       374012.46
1993     42       380598.59
1993     43       390573.50
1993     44       406054.73
1993     45       427586.69
1993     46       449713.88
1993     47       379432.10
1993     48       364502.51
1993     49       356217.12
1993     50       344872.83
1993     51       317785.34
1993     52       299547.50
1993     53       307782.95
1993     54       312102.34
1993     55       311634.98
1994     12       353303.04
1994     13       358334.80
1994     14       357753.00
1994     15       347541.66
1994     16       324624.20
1994     17       318661.27
1994     18       330178.07
1994     19       349763.27
1994     20       362293.42
1994     21       386242.98
1994     22       409034.88
1994     23       431529.70
1994     24       429967.25
1994     25       446332.36
1994     26       452199.61
1994     27       464801.15
1994     28       470152.39
1994     29       475619.12
1994     30       472897.54
1994     31       467683.02
1994     32       458720.64
1994     33       445390.06
1994     34       427899.94
1994     35       423105.22
1994     36       412429.44
1994     37       400031.19
1994     38       389092.10
1994     39       378904.46
1994     40       380598.96
1994     41       377928.47
1994     42       373900.18
1994     43       380356.99
1994     44       390264.49
1994     45       405352.22
1994     46       426841.91
1994     47       448379.08
1994     48       378998.36
1994     49       364136.76
1994     50       355284.43
1994     51       344085.50
1994     52       316977.14
1994     53       298776.60
1994     54       307169.77
1994     55       310964.12
1995     12       352849.31
1995     13       353832.25
1995     14       358635.14
1995     15       358525.13
1995     16       348094.91
1995     17       325073.30
1995     18       318074.24
1995     19       336787.88
1995     20       349369.41
1995     21       364776.75
1995     22       389179.37
1995     23       411853.72
1995     24       433367.78
1995     25       431696.76
1995     26       448103.46
1995     27       453983.93
1995     28       466020.24
1995     29       470914.98
1995     30       475726.53
1995     31       472901.89
1995     32       467775.47
1995     33       458686.75
1995     34       445263.35
1995     35       427264.82
1995     36       423149.20
1995     37       412271.14
1995     38       400045.65
1995     39       389330.48
1995     40       378991.66
1995     41       380499.32
1995     42       377690.30
1995     43       373665.81
1995     44       380070.94
1995     45       389519.78
1995     46       404756.97
1995     47       425674.23
1995     48       447203.97
1995     49       378432.35
1995     50       363497.70
1995     51       354399.12
1995     52       342963.34
1995     53       316069.84
1995     54       298255.44
1995     55       306145.52
1996     12       354600.20
1996     13       353402.02
1996     14       354008.75
1996     15       359338.82
1996     16       358963.08
1996     17       348479.13
1996     18       323711.02
1996     19       324826.42
1996     20       336703.35
1996     21       351763.42
1996     22       367616.14
1996     23       392033.10
1996     24       413891.29
1996     25       435274.22
1996     26       433415.21
1996     27       449796.13
1996     28       455366.93
1996     29       467242.49
1996     30       471582.25
1996     31       475908.22
1996     32       473051.58
1996     33       467757.17
1996     34       458511.01
1996     35       444523.40
1996     36       427192.86
1996     37       422771.68
1996     38       412156.69
1996     39       400171.32
1996     40       389303.22
1996     41       378982.15
1996     42       380296.60
1996     43       377419.85
1996     44       373462.31
1996     45       379461.24
1996     46       388953.51
1996     47       403943.95
1996     48       424694.44
1996     49       446062.95
1996     50       377741.95
1996     51       362830.73
1996     52       353317.55
1996     53       341884.23
1996     54       315151.35
1996     55       297369.87
1997     12       365909.46
1997     13       355163.96
1997     14       353504.47
1997     15       354545.52
1997     16       359731.44
1997     17       359322.45
1997     18       346241.54
1997     19       329799.28
1997     20       325957.86
1997     21       339522.58
1997     22       354727.69
1997     23       370225.39
1997     24       394280.86
1997     25       416195.83
1997     26       437421.26
1997     27       435298.77
1997     28       451354.44
1997     29       456900.73
1997     30       468517.73
1997     31       472279.83
1997     32       476286.57
1997     33       473161.32
1997     34       467701.13
1997     35       457941.26
1997     36       444567.70
1997     37       426825.58
1997     38       422641.08
1997     39       412304.50
1997     40       400038.60
1997     41       389279.87
1997     42       378913.93
1997     43       380141.41
1997     44       377274.14
1997     45       372946.65
1997     46       379020.47
1997     47       388153.53
1997     48       403231.58
1997     49       423731.14
1997     50       444787.00
1997     51       376974.67
1997     52       362086.16
1997     53       352222.51
1997     54       340547.82
1997     55       314112.54
1998     12       368274.42
1998     13       366626.25
1998     14       355487.69
1998     15       353895.42
1998     16       354890.04
1998     17       360078.62
1998     18       356490.85
1998     19       351505.46
1998     20       331457.93
1998     21       329287.84
1998     22       343309.82
1998     23       357858.52
1998     24       373220.75
1998     25       397641.58
1998     26       419430.95
1998     27       440209.96
1998     28       437392.48
1998     29       453300.49
1998     30       458660.00
1998     31       469750.85
1998     32       473046.32
1998     33       476641.60
1998     34       473183.15
1998     35       467390.09
1998     36       458160.98
1998     37       444246.01
1998     38       426753.28
1998     39       422781.63
1998     40       412096.50
1998     41       400021.27
1998     42       389284.48
1998     43       378959.68
1998     44       380198.75
1998     45       376785.09
1998     46       372644.97
1998     47       378390.83
1998     48       387486.97
1998     49       402506.93
1998     50       422629.47
1998     51       443474.43
1998     52       376125.90
1998     53       361190.67
1998     54       350911.73
1998     55       339309.18
1999     12       373121.19
1999     13       368972.15
1999     14       366953.16
1999     15       355529.79
1999     16       354028.22
1999     17       354912.83
1999     18       356268.99
1999     19       360541.16
1999     20       352761.85
1999     21       334524.81
1999     22       333823.77
1999     23       347821.66
1999     24       362025.77
1999     25       378354.23
1999     26       402529.89
1999     27       423788.63
1999     28       443827.15
1999     29       440221.25
1999     30       456071.30
1999     31       460624.00
1999     32       471390.72
1999     33       474162.51
1999     34       477236.97
1999     35       473352.89
1999     36       468044.89
1999     37       458109.33
1999     38       444413.42
1999     39       427108.28
1999     40       422742.49
1999     41       412335.74
1999     42       400262.52
1999     43       389519.22
1999     44       379421.53
1999     45       380109.12
1999     46       376688.04
1999     47       372381.68
1999     48       378000.43
1999     49       386937.57
1999     50       401791.98
1999     51       421623.07
1999     52       442135.15
1999     53       375274.60
1999     54       360598.68
1999     55       349746.76
2000     12       380089.06
2000     13       373518.91
2000     14       368930.84
2000     15       366797.79
2000     16       355935.60
2000     17       354201.17
2000     18       350628.27
2000     19       359475.83
2000     20       363930.93
2000     21       355853.87
2000     22       339280.00
2000     23       339630.83
2000     24       352946.97
2000     25       368106.45
2000     26       383906.73
2000     27       407682.36
2000     28       428457.74
2000     29       447396.23
2000     30       443539.22
2000     31       458456.97
2000     32       462835.76
2000     33       473162.78
2000     34       475469.31
2000     35       477764.40
2000     36       474102.50
2000     37       468074.25
2000     38       458340.37
2000     39       444858.39
2000     40       427070.03
2000     41       422937.15
2000     42       412599.84
2000     43       400430.06
2000     44       389908.78
2000     45       379469.45
2000     46       379964.34
2000     47       376440.80
2000     48       372071.01
2000     49       377515.70
2000     50       386315.06
2000     51       401103.11
2000     52       420517.75
2000     53       440866.84
2000     54       374494.70
2000     55       359660.97
2001     12       377135.63
2001     13       380348.57
2001     14       373483.69
2001     15       369121.51
2001     16       367695.89
2001     17       356838.52
2001     18       352176.35
2001     19       354484.34
2001     20       366181.68
2001     21       368512.50
2001     22       361852.37
2001     23       346117.84
2001     24       345777.02
2001     25       358186.44
2001     26       372903.75
2001     27       388302.44
2001     28       411798.35
2001     29       431697.30
2001     30       450256.48
2001     31       445741.23
2001     32       460538.93
2001     33       464579.76
2001     34       474654.70
2001     35       476129.27
2001     36       478375.17
2001     37       474255.56
2001     38       468404.79
2001     39       458696.67
2001     40       444701.99
2001     41       426965.40
2001     42       422942.10
2001     43       412553.83
2001     44       400375.14
2001     45       389363.92
2001     46       378918.92
2001     47       379258.48
2001     48       375679.06
2001     49       371370.61
2001     50       376703.29
2001     51       385520.90
2001     52       400060.23
2001     53       419222.92
2001     54       438638.60
2001     55       373779.00
2002     12       379952.78
2002     13       377465.48
2002     14       380707.85
2002     15       374130.15
2002     16       370175.62
2002     17       368943.62
2002     18       358040.85
2002     19       357364.73
2002     20       361634.34
2002     21       372856.60
2002     22       376190.35
2002     23       369442.48
2002     24       352904.69
2002     25       350399.63
2002     26       362627.84
2002     27       376905.73
2002     28       391897.82
2002     29       414861.35
2002     30       434027.34
2002     31       452317.80
2002     32       447742.54
2002     33       462156.56
2002     34       465997.92
2002     35       475183.90
2002     36       476535.13
2002     37       478774.45
2002     38       474762.03
2002     39       468709.86
2002     40       458817.60
2002     41       444671.41
2002     42       426889.37
2002     43       422909.50
2002     44       412402.68
2002     45       399480.63
2002     46       388616.04
2002     47       378037.59
2002     48       378210.03
2002     49       374829.08
2002     50       370313.82
2002     51       375607.87
2002     52       384257.64
2002     53       398704.42
2002     54       417011.75
2002     55       437366.77
2003     12       387223.86
2003     13       380278.11
2003     14       377664.21
2003     15       381888.79
2003     16       375847.95
2003     17       372077.17
2003     18       372214.62
2003     19       364825.50
2003     20       363719.88
2003     21       369651.53
2003     22       381621.13
2003     23       384181.88
2003     24       377179.10
2003     25       358475.71
2003     26       355563.12
2003     27       367392.89
2003     28       381313.83
2003     29       395739.65
2003     30       417040.97
2003     31       435756.90
2003     32       454207.06
2003     33       449187.16
2003     34       463356.74
2003     35       466462.23
2003     36       475433.76
2003     37       476857.11
2003     38       479235.22
2003     39       475105.66
2003     40       469015.46
2003     41       458913.01
2003     42       444606.10
2003     43       426794.14
2003     44       422790.54
2003     45       411601.25
2003     46       398726.68
2003     47       387882.36
2003     48       377114.43
2003     49       377299.66
2003     50       373522.95
2003     51       368881.38
2003     52       374000.56
2003     53       382604.84
2003     54       396811.35
2003     55       414891.22
2004     12       384303.43
2004     13       387558.45
2004     14       379996.94
2004     15       379030.96
2004     16       384173.13
2004     17       378528.92
2004     18       376772.66
2004     19       381419.65
2004     20       371581.90
2004     21       373380.69
2004     22       380999.01
2004     23       391806.74
2004     24       394283.44
2004     25       385316.52
2004     26       365529.17
2004     27       361888.78
2004     28       373393.95
2004     29       386769.41
2004     30       398685.15
2004     31       419398.82
2004     32       437873.39
2004     33       455979.38
2004     34       450704.43
2004     35       464379.81
2004     36       467221.84
2004     37       476013.32
2004     38       477395.72
2004     39       479803.45
2004     40       475491.13
2004     41       469201.75
2004     42       458941.65
2004     43       444484.27
2004     44       426614.99
2004     45       422081.70
2004     46       410832.12
2004     47       397988.19
2004     48       387088.32
2004     49       376196.49
2004     50       375858.97
2004     51       372099.28
2004     52       367236.43
2004     53       372258.56
2004     54       380770.74
2004     55       394625.75
2005     12       373150.99
2005     13       385052.95
2005     14       387820.27
2005     15       381339.95
2005     16       380993.15
2005     17       386764.19
2005     18       383587.71
2005     19       386385.34
2005     20       389675.75
2005     21       382859.07
2005     22       387608.09
2005     23       394195.99
2005     24       404680.23
2005     25       403606.90
2005     26       393995.43
2005     27       372879.40
2005     28       368597.89
2005     29       379578.74
2005     30       391593.80
2005     31       402662.98
2005     32       422878.59
2005     33       440566.27
2005     34       458565.37
2005     35       452240.68
2005     36       465579.51
2005     37       468199.36
2005     38       476700.45
2005     39       477952.93
2005     40       480066.99
2005     41       475680.83
2005     42       469189.19
2005     43       458818.11
2005     44       444212.64
2005     45       425978.38
2005     46       421461.64
2005     47       410087.74
2005     48       397246.10
2005     49       386280.01
2005     50       374906.47
2005     51       374626.66
2005     52       370782.34
2005     53       365764.59
2005     54       370627.99
2005     55       379005.03
2006     12       372312.40
2006     13       374633.34
2006     14       386357.29
2006     15       389556.89
2006     16       383128.39
2006     17       383201.29
2006     18       391276.95
2006     19       392038.00
2006     20       395069.43
2006     21       400575.95
2006     22       396202.70
2006     23       400972.03
2006     24       407668.98
2006     25       413034.81
2006     26       411700.25
2006     27       401360.23
2006     28       379232.54
2006     29       374082.57
2006     30       384309.13
2006     31       395584.85
2006     32       406226.53
2006     33       425559.67
2006     34       442938.14
2006     35       460263.76
2006     36       453576.29
2006     37       466660.49
2006     38       469081.55
2006     39       477240.82
2006     40       478112.83
2006     41       480298.79
2006     42       475819.62
2006     43       469174.88
2006     44       458642.63
2006     45       443685.23
2006     46       425448.54
2006     47       420845.07
2006     48       409365.78
2006     49       396479.47
2006     50       385134.44
2006     51       373743.42
2006     52       373355.29
2006     53       369480.44
2006     54       364289.08
2006     55       369182.92
2007     12       366122.79
2007     13       374228.20
2007     14       376338.15
2007     15       388763.73
2007     16       392121.78
2007     17       386016.96
2007     18       388334.18
2007     19       401052.97
2007     20       400155.24
2007     21       404176.57
2007     22       411834.04
2007     23       407221.15
2007     24       412828.52
2007     25       415085.05
2007     26       420138.62
2007     27       418445.35
2007     28       407592.08
2007     29       384270.17
2007     30       377628.93
2007     31       387445.26
2007     32       398514.34
2007     33       408481.75
2007     34       427474.92
2007     35       444576.91
2007     36       461753.07
2007     37       454805.56
2007     38       467750.90
2007     39       469801.76
2007     40       477344.18
2007     41       478158.23
2007     42       480445.77
2007     43       475869.08
2007     44       469034.94
2007     45       458388.00
2007     46       443306.98
2007     47       424963.42
2007     48       420313.42
2007     49       408716.73
2007     50       395431.33
2007     51       384083.52
2007     52       372543.42
2007     53       372074.95
2007     54       368200.35
2007     55       362888.12
2008     12       363914.41
2008     13       367809.21
2008     14       375835.66
2008     15       379256.84
2008     16       392165.97
2008     17       396499.56
2008     18       392820.64
2008     19       399754.15
2008     20       407723.39
2008     21       407743.64
2008     22       413803.46
2008     23       420436.82
2008     24       416136.59
2008     25       418391.43
2008     26       420902.55
2008     27       425529.30
2008     28       423708.56
2008     29       412313.50
2008     30       387810.36
2008     31       380561.68
2008     32       390392.42
2008     33       400977.39
2008     34       410678.67
2008     35       429320.22
2008     36       446035.07
2008     37       463203.65
2008     38       456105.38
2008     39       468619.95
2008     40       469654.80
2008     41       476922.74
2008     42       477738.50
2008     43       480117.47
2008     44       475522.38
2008     45       468898.64
2008     46       458131.39
2008     47       442881.67
2008     48       424512.12
2008     49       419794.21
2008     50       407805.24
2008     51       394509.67
2008     52       383140.32
2008     53       371438.68
2008     54       370958.80
2008     55       366744.18
2009     12       370134.97
2009     13       365489.33
2009     14       369310.58
2009     15       378834.43
2009     16       382685.65
2009     17       396909.91
2009     18       403869.53
2009     19       403411.51
2009     20       404808.23
2009     21       414406.49
2009     22       416235.83
2009     23       420645.35
2009     24       427003.58
2009     25       419866.17
2009     26       423101.20
2009     27       425683.95
2009     28       430203.86
2009     29       428128.83
2009     30       415826.21
2009     31       390510.55
2009     32       383010.30
2009     33       392649.53
2009     34       403138.82
2009     35       412555.18
2009     36       430711.45
2009     37       447246.47
2009     38       464431.58
2009     39       457000.85
2009     40       468818.26
2009     41       469607.58
2009     42       476618.85
2009     43       477376.69
2009     44       479892.42
2009     45       475198.37
2009     46       468439.03
2009     47       457596.13
2009     48       442237.70
2009     49       423798.63
2009     50       418872.36
2009     51       406831.16
2009     52       393478.23
2009     53       382086.02
2009     54       370252.96
2009     55       369823.58
2010     12       362631.20
2010     13       371881.38
2010     14       367129.91
2010     15       372050.54
2010     16       382131.53
2010     17       386749.16
2010     18       403711.74
2010     19       413711.17
2010     20       409532.95
2010     21       412605.88
2010     22       423968.18
2010     23       423819.31
2010     24       427355.42
2010     25       430691.42
2010     26       423993.64
2010     27       427960.88
2010     28       430838.64
2010     29       434938.66
2010     30       431478.01
2010     31       418873.09
2010     32       392898.53
2010     33       385011.63
2010     34       394777.67
2010     35       404299.79
2010     36       413409.66
2010     37       431312.63
2010     38       447610.40
2010     39       464815.93
2010     40       457590.21
2010     41       469118.42
2010     42       469679.91
2010     43       476389.01
2010     44       477103.79
2010     45       479309.83
2010     46       474608.21
2010     47       467747.98
2010     48       456814.16
2010     49       441347.83
2010     50       423014.80
2010     51       418046.73
2010     52       405847.35
2010     53       392472.40
2010     54       381036.61
2010     55       369353.94
2011     12       357003.08
2011     13       364234.91
2011     14       373531.23
2011     15       369498.91
2011     16       374797.99
2011     17       385538.30
2011     18       392631.51
2011     19       413147.01
2011     20       420951.36
2011     21       417782.39
2011     22       422418.57
2011     23       432217.75
2011     24       430588.29
2011     25       430772.91
2011     26       433981.62
2011     27       427568.01
2011     28       432295.68
2011     29       434830.32
2011     30       437644.72
2011     31       434243.88
2011     32       421296.29
2011     33       394485.29
2011     34       386641.20
2011     35       395150.64
2011     36       404593.91
2011     37       413510.92
2011     38       431188.11
2011     39       447364.12
2011     40       465310.89
2011     41       457636.17
2011     42       469146.29
2011     43       469428.27
2011     44       475924.48
2011     45       476556.94
2011     46       478838.64
2011     47       474050.62
2011     48       467046.06
2011     49       456089.63
2011     50       440855.32
2011     51       422476.33
2011     52       417437.91
2011     53       405064.75
2011     54       391768.56
2011     55       380144.61
2012     12       349046.90
2012     13       358488.44
2012     14       365738.12
2012     15       375256.51
2012     16       371158.70
2012     17       376943.88
2012     18       389595.38
2012     19       399983.27
2012     20       419106.17
2012     21       427055.83
2012     22       425186.09
2012     23       429085.71
2012     24       436979.74
2012     25       433345.03
2012     26       433295.90
2012     27       436264.44
2012     28       430030.13
2012     29       434615.39
2012     30       436396.95
2012     31       439141.53
2012     32       435702.01
2012     33       422136.46
2012     34       395167.76
2012     35       386787.56
2012     36       395398.60
2012     37       404591.39
2012     38       413594.47
2012     39       431039.24
2012     40       447639.64
2012     41       465269.61
2012     42       457717.10
2012     43       468954.75
2012     44       469197.67
2012     45       475730.03
2012     46       476301.95
2012     47       478560.20
2012     48       473656.73
2012     49       466581.22
2012     50       455621.10
2012     51       440288.76
2012     52       421875.77
2012     53       416640.17
2012     54       404320.62
2012     55       390888.39
2013     12       342144.05
2013     13       350647.68
2013     14       360061.25
2013     15       367181.41
2013     16       376582.10
2013     17       372740.05
2013     18       379855.84
2013     19       395744.15
2013     20       405579.22
2013     21       423799.79
2013     22       433091.24
2013     23       430943.39
2013     24       432719.05
2013     25       439722.56
2013     26       435886.96
2013     27       435584.11
2013     28       438149.72
2013     29       431895.44
2013     30       436013.53
2013     31       437391.05
2013     32       440098.59
2013     33       436401.63
2013     34       422675.89
2013     35       395592.37
2013     36       387339.66
2013     37       395702.64
2013     38       405019.61
2013     39       413855.17
2013     40       431367.76
2013     41       447708.56
2013     42       465498.91
2013     43       457609.42
2013     44       468904.53
2013     45       469234.58
2013     46       475676.69
2013     47       476228.90
2013     48       478484.17
2013     49       473476.87
2013     50       466190.25
2013     51       455113.45
2013     52       439657.16
2013     53       421081.53
2013     54       415807.75
2013     55       403522.67
2014     12       336423.99
2014     13       343977.40
2014     14       352408.93
2014     15       361839.79
2014     16       368966.56
2014     17       378864.27
2014     18       376287.88
2014     19       386787.92
2014     20       402823.70
2014     21       410792.19
2014     22       430604.26
2014     23       439566.28
2014     24       435353.98
2014     25       436219.09
2014     26       443151.38
2014     27       439149.03
2014     28       438293.04
2014     29       440954.17
2014     30       433969.96
2014     31       437313.46
2014     32       438681.52
2014     33       441240.49
2014     34       437353.30
2014     35       423569.65
2014     36       396627.72
2014     37       388207.34
2014     38       396549.66
2014     39       405713.49
2014     40       414608.67
2014     41       431671.84
2014     42       448161.96
2014     43       465642.89
2014     44       457686.02
2014     45       469077.27
2014     46       469393.77
2014     47       475808.74
2014     48       476388.57
2014     49       478621.72
2014     50       473373.84
2014     51       465982.41
2014     52       454677.09
2014     53       439092.03
2014     54       420410.14
2014     55       415141.82
2015     12       342467.54
2015     13       338403.22
2015     14       345821.52
2015     15       354414.61
2015     16       363906.77
2015     17       371742.81
2015     18       383085.13
2015     19       383974.36
2015     20       394812.80
2015     21       408757.71
2015     22       418145.90
2015     23       437818.24
2015     24       444855.10
2015     25       439580.17
2015     26       440504.07
2015     27       447277.80
2015     28       442767.21
2015     29       441850.48
2015     30       443669.30
2015     31       435588.62
2015     32       439043.35
2015     33       440180.79
2015     34       442423.66
2015     35       438426.56
2015     36       424930.65
2015     37       397879.87
2015     38       389258.60
2015     39       397536.13
2015     40       406880.07
2015     41       415197.81
2015     42       432515.03
2015     43       448700.42
2015     44       466037.53
2015     45       458102.25
2015     46       469500.74
2015     47       469700.67
2015     48       476070.55
2015     49       476643.47
2015     50       478622.23
2015     51       473326.95
2015     52       465596.97
2015     53       454276.59
2015     54       438523.01
2015     55       419767.55
2016     12       352396.26
2016     13       344404.76
2016     14       340152.62
2016     15       347846.62
2016     16       356521.56
2016     17       366681.52
2016     18       375953.60
2016     19       390563.98
2016     20       391645.72
2016     21       400227.69
2016     22       415502.88
2016     23       424728.57
2016     24       442549.65
2016     25       448737.30
2016     26       443572.89
2016     27       444205.60
2016     28       450795.62
2016     29       446046.87
2016     30       444309.12
2016     31       445193.89
2016     32       437252.59
2016     33       440552.06
2016     34       441272.41
2016     35       443390.51
2016     36       439714.60
2016     37       426108.20
2016     38       398715.59
2016     39       390126.13
2016     40       398714.97
2016     41       407563.06
2016     42       416256.89
2016     43       433191.02
2016     44       449248.60
2016     45       466570.88
2016     46       458596.03
2016     47       469790.59
2016     48       469857.90
2016     49       476219.82
2016     50       476540.62
2016     51       478519.15
2016     52       472876.11
2016     53       465173.06
2016     54       453708.41
2016     55       437790.44
2017     12       363574.33
2017     13       354251.37
2017     14       346143.58
2017     15       342112.23
2017     16       349863.54
2017     17       359286.45
2017     18       370694.05
2017     19       382919.72
2017     20       397693.75
2017     21       396349.65
2017     22       406512.73
2017     23       421516.77
2017     24       428613.58
2017     25       445770.80
2017     26       451935.93
2017     27       446427.82
2017     28       446859.50
2017     29       453294.20
2017     30       447862.67
2017     31       445665.95
2017     32       446707.68
2017     33       438778.59
2017     34       441701.19
2017     35       442313.40
2017     36       444563.63
2017     37       440586.89
2017     38       426632.62
2017     39       399307.84
2017     40       390976.00
2017     41       399197.79
2017     42       408455.26
2017     43       416709.06
2017     44       433571.69
2017     45       449697.41
2017     46       466932.88
2017     47       458815.96
2017     48       469928.28
2017     49       469941.26
2017     50       476081.43
2017     51       476381.85
2017     52       478043.03
2017     53       472344.09
2017     54       464581.35
2017     55       452928.40
2018     12       375119.34
2018     13       365432.98
2018     14       356037.39
2018     15       348079.56
2018     16       343987.77
2018     17       352717.07
2018     18       363050.84
2018     19       377888.85
2018     20       389929.78
2018     21       402351.24
2018     22       403161.21
2018     23       412961.28
2018     24       425764.56
2018     25       431817.12
2018     26       448672.68
2018     27       454413.55
2018     28       448393.71
2018     29       448773.16
2018     30       454657.63
2018     31       449308.28
2018     32       447229.26
2018     33       448291.87
2018     34       440130.02
2018     35       442927.87
2018     36       443435.83
2018     37       445238.67
2018     38       440898.58
2018     39       427048.19
2018     40       399842.57
2018     41       391154.26
2018     42       399846.80
2018     43       408687.52
2018     44       416774.06
2018     45       433904.96
2018     46       449913.00
2018     47       467114.56
2018     48       459026.99
2018     49       470096.16
2018     50       469907.27
2018     51       475974.69
2018     52       475943.72
2018     53       477448.34
2018     54       471705.58
2018     55       463781.97
2019     12       386784.35
2019     13       376125.04
2019     14       366382.11
2019     15       357059.51
2019     16       349043.47
2019     17       345407.33
2019     18       354731.63
2019     19       367269.41
2019     20       381851.34
2019     21       392388.68
2019     22       406240.59
2019     23       406791.25
2019     24       415184.58
2019     25       427285.97
2019     26       433179.97
2019     27       449852.08
2019     28       455267.72
2019     29       449288.06
2019     30       449397.91
2019     31       455427.16
2019     32       450125.30
2019     33       447989.47
2019     34       448980.19
2019     35       440721.73
2019     36       443421.55
2019     37       443663.74
2019     38       445285.14
2019     39       440999.32
2019     40       427128.65
2019     41       399735.61
2019     42       391312.59
2019     43       399767.41
2019     44       408425.77
2019     45       416676.79
2019     46       433711.26
2019     47       449667.95
2019     48       466867.15
2019     49       458764.28
2019     50       469673.08
2019     51       469382.85
2019     52       475206.41
2019     53       475095.48
2019     54       476497.41
2019     55       470603.12
2020     12       397257.69
2020     13       386835.41
2020     14       376157.62
2020     15       366416.28
2020     16       357082.18
2020     17       349034.06
2020     18       345572.35
2020     19       355274.54
2020     20       367625.55
2020     21       381971.72
2020     22       392593.98
2020     23       406396.88
2020     24       406694.81
2020     25       414975.26
2020     26       427181.65
2020     27       433128.61
2020     28       449789.73
2020     29       455243.98
2020     30       449263.28
2020     31       449327.75
2020     32       455344.06
2020     33       450008.86
2020     34       447844.49
2020     35       448812.98
2020     36       440517.92
2020     37       443182.42
2020     38       443421.50
2020     39       445009.75
2020     40       440655.45
2020     41       426775.20
2020     42       399393.56
2020     43       390912.33
2020     44       399287.98
2020     45       407915.84
2020     46       416079.86
2020     47       433037.45
2020     48       448881.44
2020     49       465965.68
2020     50       457808.49
2020     51       468594.91
2020     52       468202.35
2020     53       473983.96
2020     54       473768.93
2020     55       475025.80
