United Kingdom, Live births by calendar year and age (Lexis squares, age in completed years (ACY))
Last modified: 01/12/2022
Year    Age        Total
1974     12-        0.29
1974     13        17.37
1974     14       296.37
1974     15      1444.26
1974     16      6326.21
1974     17     16142.46
1974     18     24137.24
1974     19     31407.60
1974     20     38502.66
1974     21     44191.70
1974     22     48018.91
1974     23     52207.80
1974     24     56868.31
1974     25     59765.47
1974     26     62900.82
1974     27     62327.45
1974     28     45238.52
1974     29     37957.01
1974     30     32178.37
1974     31     25022.38
1974     32     19075.37
1974     33     14540.60
1974     34     12865.42
1974     35     10561.87
1974     36      8469.51
1974     37      7031.32
1974     38      5608.01
1974     39      4300.84
1974     40      3346.66
1974     41      2319.43
1974     42      1694.27
1974     43      1089.22
1974     44       632.11
1974     45       314.08
1974     46       168.03
1974     47        92.01
1974     48        31.01
1974     49        22.00
1974     50        10.29
1974     51         7.04
1974     52         3.41
1974     53         2.75
1974     54         0.51
1974     55+        0.00
1975     12-        2.28
1975     13        17.92
1975     14       272.88
1975     15      1382.32
1975     16      5474.51
1975     17     14331.17
1975     18     22762.64
1975     19     29843.41
1975     20     35093.83
1975     21     40909.80
1975     22     45433.79
1975     23     47966.34
1975     24     51122.18
1975     25     55112.63
1975     26     55634.35
1975     27     56188.05
1975     28     53372.96
1975     29     37919.20
1975     30     31163.72
1975     31     25248.80
1975     32     19861.55
1975     33     14649.52
1975     34     11453.82
1975     35      9846.43
1975     36      8099.87
1975     37      6453.67
1975     38      5238.32
1975     39      3944.98
1975     40      2985.69
1975     41      2056.49
1975     42      1492.43
1975     43       958.20
1975     44       556.14
1975     45       347.09
1975     46       141.04
1975     47        83.00
1975     48        38.00
1975     49        26.01
1975     50        16.22
1975     51         9.07
1975     52         4.75
1975     53         2.26
1975     54         0.70
1975     55+        0.00
1976     12-        0.25
1976     13        16.05
1976     14       258.76
1976     15      1287.25
1976     16      5074.18
1976     17     12483.08
1976     18     20596.03
1976     19     27883.54
1976     20     33737.72
1976     21     38394.59
1976     22     43468.48
1976     23     46781.89
1976     24     48937.13
1976     25     51477.90
1976     26     52760.58
1976     27     51643.32
1976     28     50376.58
1976     29     46459.63
1976     30     32261.88
1976     31     24849.56
1976     32     20329.72
1976     33     15856.94
1976     34     11619.26
1976     35      8924.75
1976     36      7723.55
1976     37      6034.23
1976     38      4763.92
1976     39      3651.76
1976     40      2789.57
1976     41      1871.36
1976     42      1331.22
1976     43       802.18
1976     44       497.08
1976     45       272.04
1976     46       149.02
1976     47        71.00
1976     48        45.00
1976     49        18.00
1976     50        12.04
1976     51         7.45
1976     52         4.00
1976     53         1.91
1976     54         1.59
1976     55+        0.00
1977     12-        0.24
1977     13        14.16
1977     14       230.64
1977     15      1160.23
1977     16      5045.43
1977     17     11859.69
1977     18     19167.87
1977     19     26058.59
1977     20     32753.29
1977     21     37229.25
1977     22     40725.26
1977     23     44379.07
1977     24     47459.68
1977     25     49324.71
1977     26     49116.44
1977     27     48910.97
1977     28     46440.00
1977     29     44060.15
1977     30     39620.31
1977     31     26096.93
1977     32     20773.39
1977     33     16437.75
1977     34     12643.84
1977     35      9353.37
1977     36      6853.63
1977     37      5848.41
1977     38      4638.15
1977     39      3557.77
1977     40      2500.68
1977     41      1772.45
1977     42      1229.29
1977     43       794.20
1977     44       456.08
1977     45       236.06
1977     46       134.03
1977     47        85.00
1977     48        40.01
1977     49        22.00
1977     50         4.32
1977     51         2.42
1977     52         1.35
1977     53         0.69
1977     54         0.22
1977     55+        0.00
1978     12-        0.22
1978     13        11.69
1978     14       223.15
1978     15      1252.28
1978     16      5129.69
1978     17     12147.15
1978     18     19517.74
1978     19     26935.19
1978     20     33494.71
1978     21     39545.56
1978     22     43198.51
1978     23     45345.85
1978     24     49707.91
1978     25     51279.18
1978     26     50326.52
1978     27     49006.97
1978     28     46926.05
1978     29     43481.91
1978     30     40229.74
1978     31     34643.83
1978     32     22649.78
1978     33     17559.47
1978     34     14095.57
1978     35     11032.86
1978     36      7803.00
1978     37      5783.56
1978     38      4755.21
1978     39      3512.98
1978     40      2584.66
1978     41      1727.40
1978     42      1210.29
1978     43       791.18
1978     44       453.13
1978     45       246.05
1978     46       166.02
1978     47        79.00
1978     48        46.00
1978     49        20.01
1978     50        14.29
1978     51         9.13
1978     52         4.79
1978     53         2.16
1978     54         0.64
1978     55+        0.00
1979     12-        0.24
1979     13        15.25
1979     14       247.54
1979     15      1280.22
1979     16      4981.03
1979     17     12726.57
1979     18     20876.17
1979     19     28381.48
1979     20     35225.65
1979     21     41305.68
1979     22     46431.80
1979     23     49534.25
1979     24     50899.16
1979     25     54098.99
1979     26     54381.47
1979     27     51486.05
1979     28     49033.50
1979     29     45602.62
1979     30     40767.55
1979     31     35708.38
1979     32     30814.93
1979     33     20351.05
1979     34     15653.29
1979     35     12428.91
1979     36      9388.55
1979     37      6606.07
1979     38      4777.80
1979     39      3813.61
1979     40      2783.41
1979     41      1880.32
1979     42      1219.20
1979     43       780.13
1979     44       494.05
1979     45       259.03
1979     46       140.01
1979     47        87.01
1979     48        47.01
1979     49        27.00
1979     50        17.72
1979     51        10.76
1979     52         5.43
1979     53         2.40
1979     54         0.69
1979     55+        0.00
1980     12-        0.24
1980     13        16.89
1980     14       232.89
1980     15      1176.14
1980     16      4905.74
1980     17     12608.07
1980     18     21484.27
1980     19     29690.48
1980     20     36713.21
1980     21     43059.34
1980     22     48073.93
1980     23     51628.46
1980     24     53130.52
1980     25     54430.57
1980     26     55076.49
1980     27     53261.27
1980     28     48553.38
1980     29     44408.70
1980     30     40799.09
1980     31     34681.41
1980     32     30122.59
1980     33     25453.01
1980     34     16824.87
1980     35     12870.49
1980     36     10113.14
1980     37      7589.90
1980     38      5288.60
1980     39      3663.47
1980     40      2772.32
1980     41      1881.22
1980     42      1242.15
1980     43       791.10
1980     44       469.04
1980     45       257.03
1980     46       164.01
1980     47       110.01
1980     48        52.01
1980     49        36.01
1980     50        35.48
1980     51        23.23
1980     52        10.38
1980     53         3.90
1980     54         1.01
1980     55+        0.00
1981     12-        0.24
1981     13        13.12
1981     14       228.66
1981     15      1051.10
1981     16      4740.61
1981     17     11455.65
1981     18     19704.80
1981     19     28157.78
1981     20     35231.65
1981     21     41853.47
1981     22     45905.32
1981     23     49516.65
1981     24     53146.94
1981     25     54052.86
1981     26     51382.43
1981     27     51164.11
1981     28     47812.74
1981     29     43007.05
1981     30     38179.34
1981     31     33758.74
1981     32     28168.13
1981     33     24552.49
1981     34     19763.11
1981     35     12953.40
1981     36      9705.04
1981     37      7807.83
1981     38      5407.55
1981     39      4006.39
1981     40      2506.26
1981     41      2246.21
1981     42      1280.13
1981     43       748.06
1981     44       460.05
1981     45       319.02
1981     46       179.01
1981     47       144.00
1981     48        31.00
1981     49        21.00
1981     50        22.39
1981     51        15.93
1981     52         7.74
1981     53         3.11
1981     54         0.84
1981     55+        0.00
1982     12-        2.23
1982     13        14.88
1982     14       221.91
1982     15      1076.08
1982     16      4549.38
1982     17     11670.08
1982     18     19306.68
1982     19     27393.29
1982     20     34415.71
1982     21     40960.28
1982     22     45489.61
1982     23     49102.91
1982     24     52210.99
1982     25     53056.99
1982     26     51298.83
1982     27     48436.64
1982     28     46563.32
1982     29     43085.95
1982     30     37134.53
1982     31     31407.10
1982     32     26904.76
1982     33     22477.44
1982     34     19716.26
1982     35     16457.02
1982     36     10661.65
1982     37      7828.44
1982     38      5835.37
1982     39      4113.25
1982     40      2747.18
1982     41      1744.12
1982     42      1253.08
1982     43       756.04
1982     44       427.02
1982     45       256.01
1982     46       143.00
1982     47        98.00
1982     48        65.00
1982     49        40.00
1982     50        38.28
1982     51        24.41
1982     52        10.57
1982     53         3.78
1982     54         0.94
1982     55+        0.00
1983     12-        0.20
1983     13        13.54
1983     14       211.27
1983     15      1180.12
1983     16      4598.50
1983     17     11201.30
1983     18     18671.11
1983     19     26472.88
1983     20     33316.53
1983     21     39980.29
1983     22     45982.80
1983     23     49419.17
1983     24     52301.47
1983     25     53970.47
1983     26     52978.36
1983     27     49612.81
1983     28     45738.46
1983     29     42574.01
1983     30     38494.57
1983     31     31697.83
1983     32     26721.36
1983     33     22186.92
1983     34     18631.56
1983     35     15783.33
1983     36     13021.06
1983     37      8203.62
1983     38      5944.49
1983     39      4312.35
1983     40      2973.27
1983     41      1936.12
1983     42      1206.08
1983     43       753.06
1983     44       439.04
1983     45       268.02
1983     46       149.01
1983     47       114.00
1983     48        59.00
1983     49        44.00
1983     50        38.17
1983     51        23.17
1983     52        10.08
1983     53         3.67
1983     54         0.91
1983     55+        0.00
1984     12-        0.23
1984     13        19.00
1984     14       253.80
1984     15      1210.14
1984     16      4690.66
1984     17     11577.75
1984     18     18706.69
1984     19     26317.48
1984     20     32745.37
1984     21     39246.21
1984     22     45533.96
1984     23     49679.49
1984     24     52994.93
1984     25     54100.08
1984     26     54336.00
1984     27     51410.55
1984     28     47514.95
1984     29     42352.31
1984     30     38797.52
1984     31     33229.79
1984     32     26798.02
1984     33     22117.43
1984     34     18558.93
1984     35     15152.57
1984     36     12711.30
1984     37     10334.02
1984     38      6336.60
1984     39      4391.43
1984     40      3178.32
1984     41      2021.20
1984     42      1281.12
1984     43       729.08
1984     44       474.05
1984     45       229.02
1984     46       143.01
1984     47        70.00
1984     48        66.00
1984     49        32.00
1984     50        29.60
1984     51        17.98
1984     52         8.32
1984     53         3.25
1984     54         0.86
1984     55+        0.00
1985     12-        0.21
1985     13        13.60
1985     14       249.21
1985     15      1293.15
1985     16      5079.79
1985     17     12168.01
1985     18     19729.94
1985     19     26896.68
1985     20     33080.62
1985     21     39941.42
1985     22     45305.28
1985     23     50457.94
1985     24     53799.33
1985     25     55692.43
1985     26     55760.67
1985     27     53779.14
1985     28     50129.63
1985     29     44760.69
1985     30     39183.90
1985     31     33851.06
1985     32     28586.35
1985     33     23075.67
1985     34     18618.07
1985     35     15403.69
1985     36     12685.38
1985     37      9993.10
1985     38      7658.77
1985     39      4815.50
1985     40      3189.31
1985     41      2127.19
1985     42      1348.15
1985     43       769.07
1985     44       449.05
1985     45       262.02
1985     46       136.00
1985     47        84.00
1985     48        49.01
1985     49        31.00
1985     50        32.30
1985     51        20.20
1985     52         9.12
1985     53         3.48
1985     54         0.91
1985     55+        0.00
1986     12-        0.19
1986     13        14.76
1986     14       228.06
1986     15      1279.16
1986     16      4971.76
1986     17     12320.81
1986     18     20093.87
1986     19     26981.60
1986     20     32766.22
1986     21     38800.18
1986     22     44776.81
1986     23     49852.48
1986     24     53536.98
1986     25     56083.27
1986     26     55199.17
1986     27     53951.02
1986     28     50604.41
1986     29     45981.84
1986     30     40711.07
1986     31     33968.15
1986     32     29227.31
1986     33     24200.69
1986     34     19018.10
1986     35     15933.68
1986     36     12443.28
1986     37      9615.98
1986     38      7730.80
1986     39      5863.55
1986     40      3471.34
1986     41      2123.17
1986     42      1287.12
1986     43       767.07
1986     44       426.05
1986     45       227.01
1986     46       133.01
1986     47        68.00
1986     48        43.00
1986     49        35.01
1986     50        33.41
1986     51        21.73
1986     52         9.49
1986     53         3.48
1986     54         0.90
1986     55+        0.00
1987     12-        0.18
1987     13        13.44
1987     14       214.41
1987     15      1235.14
1987     16      5062.71
1987     17     12139.70
1987     18     20140.69
1987     19     27144.33
1987     20     32549.76
1987     21     38562.61
1987     22     44640.18
1987     23     50245.06
1987     24     54358.64
1987     25     56997.62
1987     26     58006.70
1987     27     55787.46
1987     28     52558.21
1987     29     48468.61
1987     30     43118.90
1987     31     36102.07
1987     32     29948.32
1987     33     25251.56
1987     34     20495.08
1987     35     16370.61
1987     36     12895.19
1987     37     10038.88
1987     38      7571.72
1987     39      5751.49
1987     40      4222.34
1987     41      2304.19
1987     42      1392.09
1987     43       799.08
1987     44       452.03
1987     45       223.02
1987     46       122.01
1987     47        83.00
1987     48        36.00
1987     49        32.00
1987     50        33.21
1987     51        22.47
1987     52         9.87
1987     53         3.55
1987     54         0.89
1987     55+        0.00
1988     12-        1.20
1988     13        14.10
1988     14       227.72
1988     15      1204.16
1988     16      5159.64
1988     17     12774.53
1988     18     20059.30
1988     19     27519.05
1988     20     32939.67
1988     21     38662.13
1988     22     43963.62
1988     23     49654.32
1988     24     54710.88
1988     25     57795.27
1988     26     58277.34
1988     27     57308.30
1988     28     53501.74
1988     29     49901.37
1988     30     44397.64
1988     31     37428.83
1988     32     31213.10
1988     33     25226.54
1988     34     21459.99
1988     35     17044.63
1988     36     13158.25
1988     37     10053.88
1988     38      7861.63
1988     39      5652.45
1988     40      4109.30
1988     41      2711.19
1988     42      1475.10
1988     43       844.05
1988     44       444.03
1988     45       209.01
1988     46       118.01
1988     47        68.00
1988     48        62.00
1988     49        24.00
1988     50        30.62
1988     51        21.92
1988     52         9.95
1988     53         3.61
1988     54         0.90
1988     55+        0.00
1989     12-        1.18
1989     13        15.70
1989     14       215.14
1989     15      1246.17
1989     16      4864.78
1989     17     11796.84
1989     18     19387.80
1989     19     25632.49
1989     20     31297.11
1989     21     36575.74
1989     22     41819.50
1989     23     47119.05
1989     24     52135.95
1989     25     56015.50
1989     26     57361.58
1989     27     57095.59
1989     28     54495.25
1989     29     49822.58
1989     30     45171.92
1989     31     39046.98
1989     32     32379.16
1989     33     26102.30
1989     34     21426.53
1989     35     17644.10
1989     36     13853.51
1989     37     10323.09
1989     38      7907.86
1989     39      5780.56
1989     40      4116.40
1989     41      2735.26
1989     42      1774.18
1989     43       900.08
1989     44       436.04
1989     45       233.03
1989     46       110.00
1989     47        71.01
1989     48        49.00
1989     49        28.00
1989     50        23.74
1989     51        14.94
1989     52         6.89
1989     53         2.72
1989     54         0.72
1989     55+        0.00
1990     12-        0.19
1990     13        13.43
1990     14       216.40
1990     15      1237.10
1990     16      4713.42
1990     17     11817.13
1990     18     18796.68
1990     19     26208.18
1990     20     30084.55
1990     21     35862.93
1990     22     40501.38
1990     23     45918.67
1990     24     51093.18
1990     25     56807.78
1990     26     58781.93
1990     27     59524.02
1990     28     57369.75
1990     29     53449.39
1990     30     48098.88
1990     31     41601.42
1990     32     35221.92
1990     33     28687.24
1990     34     23136.75
1990     35     18300.35
1990     36     14688.03
1990     37     11131.77
1990     38      8170.56
1990     39      6088.38
1990     40      4227.24
1990     41      2735.18
1990     42      1769.10
1990     43      1081.06
1990     44       482.02
1990     45       244.01
1990     46       117.01
1990     47        57.00
1990     48        44.00
1990     49        26.00
1990     50        28.43
1990     51        18.72
1990     52         8.71
1990     53         3.29
1990     54         0.84
1990     55+        0.00
1991     12-        2.23
1991     13        15.21
1991     14       246.57
1991     15      1310.16
1991     16      4701.70
1991     17     10941.70
1991     18     17778.59
1991     19     24714.34
1991     20     30225.85
1991     21     33704.38
1991     22     38969.99
1991     23     44127.94
1991     24     49190.58
1991     25     54060.97
1991     26     57705.81
1991     27     59013.78
1991     28     57511.48
1991     29     53814.15
1991     30     49529.40
1991     31     42040.53
1991     32     36325.68
1991     33     30218.76
1991     34     24546.02
1991     35     19152.38
1991     36     15017.76
1991     37     11489.28
1991     38      8655.94
1991     39      6230.69
1991     40      4258.47
1991     41      2776.28
1991     42      1748.16
1991     43      1085.10
1991     44       582.05
1991     45       268.03
1991     46       125.00
1991     47        62.00
1991     48        37.00
1991     49        34.01
1991     50        24.63
1991     51        15.43
1991     52         7.28
1991     53         2.91
1991     54         0.76
1991     55+        0.00
1992     12-        0.22
1992     13        15.39
1992     14       236.43
1992     15      1224.10
1992     16      4401.42
1992     17     10264.95
1992     18     16309.47
1992     19     22474.80
1992     20     27518.13
1992     21     32216.43
1992     22     36226.63
1992     23     41753.24
1992     24     46658.62
1992     25     51315.90
1992     26     55825.25
1992     27     57518.51
1992     28     57590.51
1992     29     55086.34
1992     30     50327.85
1992     31     44303.57
1992     32     37488.85
1992     33     31206.39
1992     34     25707.91
1992     35     20589.53
1992     36     15793.10
1992     37     11888.84
1992     38      8931.57
1992     39      6569.40
1992     40      4413.25
1992     41      2902.17
1992     42      1864.11
1992     43      1052.05
1992     44       571.03
1992     45       290.01
1992     46       114.00
1992     47        47.00
1992     48        31.01
1992     49        19.00
1992     50        22.18
1992     51        16.82
1992     52         8.64
1992     53         3.45
1992     54         0.91
1992     55+        0.00
1993     12-        0.23
1993     13        16.69
1993     14       263.10
1993     15      1281.08
1993     16      4439.33
1993     17      9806.77
1993     18     15333.16
1993     19     20326.32
1993     20     24949.55
1993     21     29336.87
1993     22     34595.10
1993     23     38404.43
1993     24     43820.82
1993     25     48229.35
1993     26     52524.43
1993     27     55045.57
1993     28     56564.70
1993     29     55066.58
1993     30     51102.30
1993     31     45318.94
1993     32     38597.48
1993     33     31992.01
1993     34     26566.73
1993     35     21295.31
1993     36     16635.96
1993     37     12599.74
1993     38      9011.51
1993     39      6696.39
1993     40      4664.23
1993     41      3041.16
1993     42      1828.08
1993     43      1031.05
1993     44       559.03
1993     45       271.01
1993     46       128.01
1993     47        55.00
1993     48        34.00
1993     49        17.00
1993     50        33.31
1993     51        26.73
1993     52        11.67
1993     53         4.25
1993     54         1.04
1993     55+        0.00
1994     12-        0.25
1994     13        17.16
1994     14       296.60
1994     15      1220.09
1994     16      4155.33
1994     17      8959.71
1994     18     14331.12
1994     19     18897.36
1994     20     22789.55
1994     21     26472.82
1994     22     31234.08
1994     23     36736.55
1994     24     40245.67
1994     25     45983.28
1994     26     49974.58
1994     27     53361.80
1994     28     54865.87
1994     29     55199.92
1994     30     52612.68
1994     31     47342.34
1994     32     40869.80
1994     33     33816.33
1994     34     28252.95
1994     35     22749.47
1994     36     17885.14
1994     37     13397.84
1994     38      9753.61
1994     39      7089.45
1994     40      4680.27
1994     41      3158.17
1994     42      1856.10
1994     43      1128.06
1994     44       610.03
1994     45       258.01
1994     46       126.01
1994     47        57.00
1994     48        28.00
1994     49        18.00
1994     50        21.84
1994     51        16.17
1994     52         7.42
1994     53         2.80
1994     54         0.78
1994     55+        0.00
1995     12-        0.25
1995     13        16.67
1995     14       306.09
1995     15      1383.05
1995     16      4571.17
1995     17      9124.36
1995     18     13766.48
1995     19     18479.63
1995     20     21456.72
1995     21     24860.81
1995     22     28846.93
1995     23     33248.05
1995     24     38648.25
1995     25     42607.41
1995     26     47587.58
1995     27     50521.71
1995     28     52142.73
1995     29     53165.72
1995     30     51885.72
1995     31     47149.57
1995     32     41519.35
1995     33     34950.15
1995     34     29102.94
1995     35     23506.76
1995     36     18417.59
1995     37     14286.47
1995     38     10253.29
1995     39      7483.22
1995     40      5049.15
1995     41      3270.08
1995     42      1972.05
1995     43      1106.02
1995     44       611.01
1995     45       284.00
1995     46       137.00
1995     47        68.00
1995     48        32.00
1995     49        21.00
1995     50        20.79
1995     51        12.84
1995     52         6.30
1995     53         2.44
1995     54         0.64
1995     55+        0.00
1996     12-        0.25
1996     13        19.78
1996     14       313.04
1996     15      1505.29
1996     16      5152.07
1996     17     10711.17
1996     18     14542.90
1996     19     18558.34
1996     20     21995.84
1996     21     24184.16
1996     22     27534.52
1996     23     31330.23
1996     24     36069.10
1996     25     42048.19
1996     26     44985.76
1996     27     49054.94
1996     28     51016.18
1996     29     51794.13
1996     30     51158.05
1996     31     48418.49
1996     32     43168.30
1996     33     36919.62
1996     34     30862.38
1996     35     24808.30
1996     36     19720.30
1996     37     14824.55
1996     38     11060.85
1996     39      7934.26
1996     40      5409.87
1996     41      3469.54
1996     42      2130.28
1996     43      1214.19
1996     44       610.05
1996     45       307.04
1996     46       131.02
1996     47        93.00
1996     48        38.01
1996     49        24.01
1996     50        19.75
1996     51        13.86
1996     52         6.88
1996     53         3.79
1996     54         0.71
1996     55+        0.00
1997     12-        0.25
1997     13        17.43
1997     14       298.36
1997     15      1502.17
1997     16      5156.56
1997     17     11240.23
1997     18     15929.55
1997     19     18711.85
1997     20     21068.87
1997     21     23505.12
1997     22     25925.33
1997     23     29076.53
1997     24     33692.94
1997     25     38460.40
1997     26     44314.98
1997     27     46171.12
1997     28     49739.61
1997     29     50763.77
1997     30     50116.68
1997     31     47259.20
1997     32     43903.02
1997     33     38557.55
1997     34     32344.95
1997     35     26784.41
1997     36     21145.96
1997     37     16109.36
1997     38     11896.05
1997     39      8579.72
1997     40      5780.49
1997     41      3717.25
1997     42      2262.16
1997     43      1272.09
1997     44       700.05
1997     45       303.02
1997     46       136.00
1997     47        72.00
1997     48        42.00
1997     49        15.00
1997     50        21.64
1997     51        14.83
1997     52         7.62
1997     53         4.10
1997     54         0.82
1997     55+        1.00
1998     12-        0.25
1998     13        21.99
1998     14       300.78
1998     15      1412.13
1998     16      4915.58
1998     17     11414.30
1998     18     16588.66
1998     19     20173.91
1998     20     21026.97
1998     21     22340.05
1998     22     25267.27
1998     23     27430.45
1998     24     31176.73
1998     25     35547.29
1998     26     40867.76
1998     27     45467.18
1998     28     47042.49
1998     29     49167.73
1998     30     49457.76
1998     31     46913.46
1998     32     43912.12
1998     33     38840.61
1998     34     33772.18
1998     35     28045.62
1998     36     22037.03
1998     37     17007.55
1998     38     12480.07
1998     39      9166.80
1998     40      6106.55
1998     41      3991.32
1998     42      2331.18
1998     43      1309.09
1998     44       715.05
1998     45       299.03
1998     46       179.01
1998     47        69.01
1998     48        30.00
1998     49        21.00
1998     50        18.91
1998     51        13.82
1998     52         6.04
1998     53         2.54
1998     54         0.69
1998     55+        0.00
1999     12-        0.24
1999     13        16.36
1999     14       276.42
1999     15      1383.11
1999     16      4673.37
1999     17     10852.92
1999     18     16633.31
1999     19     21090.43
1999     20     22588.52
1999     21     22419.49
1999     22     23733.50
1999     23     26231.73
1999     24     29069.99
1999     25     32774.21
1999     26     37457.45
1999     27     41960.82
1999     28     46073.24
1999     29     46556.23
1999     30     47866.37
1999     31     45831.34
1999     32     42617.97
1999     33     38525.60
1999     34     34159.28
1999     35     28642.95
1999     36     22884.61
1999     37     17318.12
1999     38     12935.84
1999     39      9496.62
1999     40      6482.41
1999     41      4130.28
1999     42      2446.14
1999     43      1437.09
1999     44       715.05
1999     45       342.02
1999     46       172.01
1999     47        84.01
1999     48        32.00
1999     49        26.00
1999     50        17.64
1999     51        11.35
1999     52         6.10
1999     53         3.29
1999     54         0.64
1999     55+        0.00
2000     12-        0.26
2000     13        19.92
2000     14       307.85
2000     15      1348.11
2000     16      4359.34
2000     17     10170.88
2000     18     15591.28
2000     19     20266.62
2000     20     22670.62
2000     21     23087.61
2000     22     22988.58
2000     23     24336.64
2000     24     27228.84
2000     25     30623.12
2000     26     34176.41
2000     27     38061.67
2000     28     42603.02
2000     29     46132.34
2000     30     45457.44
2000     31     44528.32
2000     32     41759.13
2000     33     37571.71
2000     34     33591.39
2000     35     29166.11
2000     36     24048.71
2000     37     18448.30
2000     38     13690.00
2000     39     10053.70
2000     40      6721.44
2000     41      4448.31
2000     42      2641.16
2000     43      1493.09
2000     44       729.03
2000     45       375.02
2000     46       164.00
2000     47        63.00
2000     48        38.00
2000     49        23.00
2000     50        19.78
2000     51        14.27
2000     52         7.01
2000     53         3.18
2000     54         0.75
2000     55+        0.00
2001     12-        0.26
2001     13        19.28
2001     14       296.47
2001     15      1290.06
2001     16      4238.22
2001     17      9735.47
2001     18     14990.72
2001     19     19588.91
2001     20     22758.98
2001     21     24124.95
2001     22     24471.96
2001     23     24457.96
2001     24     25855.02
2001     25     28917.17
2001     26     32311.28
2001     27     35917.46
2001     28     39415.64
2001     29     43221.79
2001     30     45634.94
2001     31     43774.84
2001     32     41702.76
2001     33     37492.65
2001     34     33420.45
2001     35     29373.25
2001     36     24276.04
2001     37     19188.80
2001     38     14189.60
2001     39     10355.42
2001     40      7367.29
2001     41      4604.18
2001     42      2887.11
2001     43      1600.06
2001     44       813.03
2001     45       405.01
2001     46       207.00
2001     47        83.00
2001     48        45.00
2001     49        25.00
2001     50        32.72
2001     51        17.40
2001     52        10.96
2001     53         3.83
2001     54         1.08
2001     55+        0.00
2002     12-        0.25
2002     13        19.81
2002     14       278.96
2002     15      1198.06
2002     16      4075.24
2002     17      9798.62
2002     18     14725.85
2002     19     19070.07
2002     20     21785.14
2002     21     24245.33
2002     22     25857.25
2002     23     25876.28
2002     24     26087.32
2002     25     28005.30
2002     26     31164.60
2002     27     34383.74
2002     28     37410.90
2002     29     40896.13
2002     30     44090.36
2002     31     44742.44
2002     32     41694.27
2002     33     38212.07
2002     34     34532.81
2002     35     29902.59
2002     36     24960.30
2002     37     20013.01
2002     38     15326.81
2002     39     11181.57
2002     40      7735.39
2002     41      4970.22
2002     42      3034.13
2002     43      1662.08
2002     44       872.05
2002     45       460.01
2002     46       222.01
2002     47        91.01
2002     48        64.00
2002     49        53.00
2002     50        38.69
2002     51        22.98
2002     52        11.25
2002     53         4.00
2002     54         1.08
2002     55+        0.00
2003     12-        0.23
2003     13        15.41
2003     14       225.40
2003     15      1143.10
2003     16      4092.40
2003     17      9853.04
2003     18     15198.48
2003     19     19350.73
2003     20     22281.99
2003     21     24264.12
2003     22     26245.24
2003     23     28393.35
2003     24     28693.32
2003     25     29344.45
2003     26     31411.44
2003     27     35068.92
2003     28     38377.31
2003     29     41285.45
2003     30     43581.70
2003     31     45197.99
2003     32     44807.08
2003     33     39992.48
2003     34     36510.19
2003     35     31811.83
2003     36     26353.29
2003     37     21578.91
2003     38     16737.40
2003     39     12566.07
2003     40      8594.75
2003     41      5527.44
2003     42      3303.26
2003     43      1890.13
2003     44       919.06
2003     45       433.02
2003     46       223.02
2003     47        97.00
2003     48        60.00
2003     49        40.00
2003     50        37.92
2003     51        24.96
2003     52        10.86
2003     53         4.16
2003     54         1.10
2003     55+        1.00
2004     12-        0.21
2004     13        15.67
2004     14       211.13
2004     15      1130.04
2004     16      4110.16
2004     17      9948.41
2004     18     15449.62
2004     19     19888.76
2004     20     22920.83
2004     21     24633.88
2004     22     26904.98
2004     23     29150.05
2004     24     31009.06
2004     25     32374.13
2004     26     32535.16
2004     27     34727.19
2004     28     38299.39
2004     29     41120.45
2004     30     43288.51
2004     31     45158.60
2004     32     44575.65
2004     33     43034.61
2004     34     37570.39
2004     35     33404.27
2004     36     27772.03
2004     37     22594.87
2004     38     17654.64
2004     39     13430.48
2004     40      9261.33
2004     41      6049.23
2004     42      3684.13
2004     43      2029.06
2004     44      1084.04
2004     45       495.02
2004     46       227.01
2004     47       112.00
2004     48        66.00
2004     49        23.00
2004     50        24.76
2004     51        15.84
2004     52         7.37
2004     53         3.15
2004     54         0.89
2004     55+        0.00
2005     12-        0.20
2005     13        14.88
2005     14       220.93
2005     15      1092.12
2005     16      3946.46
2005     17      9824.21
2005     18     15075.82
2005     19     20227.28
2005     20     23374.55
2005     21     24936.64
2005     22     26936.74
2005     23     29096.05
2005     24     31561.21
2005     25     34216.49
2005     26     35294.54
2005     27     35715.71
2005     28     37531.80
2005     29     40773.22
2005     30     42485.42
2005     31     44262.61
2005     32     43194.65
2005     33     41988.63
2005     34     39167.31
2005     35     33607.74
2005     36     28439.24
2005     37     23055.58
2005     38     17910.98
2005     39     13901.47
2005     40      9820.06
2005     41      6387.65
2005     42      3888.38
2005     43      2226.21
2005     44      1190.11
2005     45       613.04
2005     46       247.02
2005     47       130.01
2005     48        71.00
2005     49        51.01
2005     50        35.96
2005     51        19.86
2005     52        11.87
2005     53         3.41
2005     54         0.92
2005     55+        0.00
2006     12-        1.23
2006     13        16.57
2006     14       238.23
2006     15      1122.06
2006     16      3992.24
2006     17      9574.60
2006     18     15265.89
2006     19     20858.08
2006     20     24652.32
2006     21     26140.33
2006     22     28302.39
2006     23     30329.59
2006     24     32753.66
2006     25     35421.84
2006     26     38303.90
2006     27     39139.91
2006     28     38940.01
2006     29     41004.07
2006     30     42955.23
2006     31     44546.32
2006     32     43417.23
2006     33     41805.21
2006     34     39620.12
2006     35     36369.97
2006     36     30049.65
2006     37     24161.27
2006     38     18958.04
2006     39     14334.75
2006     40     10329.50
2006     41      6915.36
2006     42      4179.21
2006     43      2283.12
2006     44      1293.06
2006     45       632.02
2006     46       313.01
2006     47       137.00
2006     48        82.00
2006     49        50.00
2006     50        36.84
2006     51        21.05
2006     52        11.52
2006     53         3.65
2006     54         0.94
2006     55+        0.00
2007     12-        0.23
2007     13        15.50
2007     14       221.30
2007     15      1045.08
2007     16      3835.34
2007     17      9317.88
2007     18     14855.21
2007     19     21227.71
2007     20     24693.93
2007     21     27116.06
2007     22     29492.15
2007     23     30798.19
2007     24     33635.44
2007     25     36262.56
2007     26     39546.87
2007     27     42600.11
2007     28     42977.18
2007     29     42905.02
2007     30     43024.01
2007     31     44930.26
2007     32     44274.21
2007     33     42074.05
2007     34     39732.90
2007     35     36735.76
2007     36     31982.44
2007     37     25425.96
2007     38     20272.58
2007     39     15192.17
2007     40     10661.79
2007     41      7429.51
2007     42      4578.29
2007     43      2573.15
2007     44      1392.09
2007     45       666.05
2007     46       346.02
2007     47       178.00
2007     48       104.00
2007     49        47.00
2007     50        40.76
2007     51        23.53
2007     52         9.91
2007     53         3.82
2007     54         1.00
2007     55+        0.00
2008     12-        0.21
2008     13        12.74
2008     14       215.06
2008     15      1115.03
2008     16      3743.16
2008     17      9233.37
2008     18     14920.56
2008     19     21157.73
2008     20     25520.84
2008     21     27969.93
2008     22     30584.00
2008     23     32995.07
2008     24     34543.11
2008     25     37891.22
2008     26     40759.33
2008     27     44182.43
2008     28     46687.54
2008     29     46952.49
2008     30     45021.42
2008     31     44910.42
2008     32     44252.43
2008     33     42285.36
2008     34     39501.32
2008     35     36198.17
2008     36     31804.07
2008     37     26379.92
2008     38     20287.65
2008     39     15854.52
2008     40     11314.37
2008     41      7576.26
2008     42      4677.13
2008     43      2735.09
2008     44      1543.03
2008     45       739.02
2008     46       401.01
2008     47       203.01
2008     48        88.01
2008     49        53.00
2008     50        40.07
2008     51        20.37
2008     52         9.11
2008     53         3.51
2008     54         0.94
2008     55+        0.00
2009     12-        0.20
2009     13        12.34
2009     14       182.46
2009     15       972.03
2009     16      3611.12
2009     17      8808.27
2009     18     14412.40
2009     19     20569.53
2009     20     24766.62
2009     21     27893.72
2009     22     30714.74
2009     23     32544.83
2009     24     35395.88
2009     25     37795.94
2009     26     41038.05
2009     27     43073.13
2009     28     46824.19
2009     29     48734.19
2009     30     47372.17
2009     31     45099.14
2009     32     43146.07
2009     33     40724.02
2009     34     38452.98
2009     35     34733.85
2009     36     30514.78
2009     37     25793.67
2009     38     21075.56
2009     39     15950.41
2009     40     11541.28
2009     41      7567.18
2009     42      4749.13
2009     43      2868.07
2009     44      1519.04
2009     45       825.01
2009     46       420.01
2009     47       199.00
2009     48       116.01
2009     49        76.00
2009     50        56.72
2009     51        31.80
2009     52        14.90
2009     53         4.49
2009     54         2.10
2009     55+        1.00
2010     12-        0.22
2010     13        15.08
2010     14       205.69
2010     15       945.02
2010     16      3250.10
2010     17      8077.27
2010     18     13349.40
2010     19     19769.55
2010     20     24247.64
2010     21     27056.69
2010     22     31346.76
2010     23     33515.84
2010     24     35846.88
2010     25     39310.98
2010     26     41377.05
2010     27     44406.14
2010     28     47237.29
2010     29     50271.33
2010     30     51022.30
2010     31     49481.29
2010     32     45059.18
2010     33     41750.07
2010     34     39309.02
2010     35     35374.91
2010     36     30840.81
2010     37     25557.68
2010     38     21176.59
2010     39     16722.45
2010     40     11644.31
2010     41      7832.20
2010     42      4872.12
2010     43      2900.07
2010     44      1616.03
2010     45       822.02
2010     46       481.01
2010     47       214.01
2010     48       117.00
2010     49       107.00
2010     50        77.19
2010     51        42.05
2010     52        16.19
2010     53         5.32
2010     54         1.25
2010     55+        0.00
2011     12-        2.19
2011     13        10.89
2011     14       164.92
2011     15       816.06
2011     16      2859.20
2011     17      7071.54
2011     18     11901.73
2011     19     18168.14
2011     20     22610.32
2011     21     26173.52
2011     22     30358.65
2011     23     34132.85
2011     24     36413.00
2011     25     39510.25
2011     26     42642.38
2011     27     44297.36
2011     28     46900.63
2011     29     50288.84
2011     30     50843.01
2011     31     51791.89
2011     32     47739.73
2011     33     42602.47
2011     34     38709.14
2011     35     34968.05
2011     36     30839.78
2011     37     25554.43
2011     38     20817.21
2011     39     16984.99
2011     40     12518.69
2011     41      8309.46
2011     42      5172.28
2011     43      3017.18
2011     44      1588.07
2011     45       889.06
2011     46       497.02
2011     47       260.01
2011     48       136.00
2011     49        87.01
2011     50        67.45
2011     51        35.96
2011     52        15.42
2011     53         4.98
2011     54         4.20
2011     55+        0.00
2012     12-        0.20
2012     13        10.96
2012     14       183.84
2012     15       827.04
2012     16      2712.17
2012     17      6591.44
2012     18     11067.73
2012     19     16597.99
2012     20     21636.29
2012     21     25249.42
2012     22     29587.60
2012     23     33026.71
2012     24     37087.97
2012     25     39926.13
2012     26     42381.33
2012     27     45493.53
2012     28     47568.62
2012     29     50122.84
2012     30     51370.97
2012     31     53014.94
2012     32     50880.80
2012     33     46219.53
2012     34     40145.16
2012     35     35227.99
2012     36     30469.69
2012     37     25589.41
2012     38     20355.09
2012     39     16484.92
2012     40     12453.66
2012     41      8533.46
2012     42      5228.27
2012     43      3069.15
2012     44      1728.08
2012     45       903.04
2012     46       509.02
2012     47       299.01
2012     48       152.01
2012     49       131.16
2012     50        79.52
2012     51        35.31
2012     52        12.57
2012     53         4.37
2012     54         1.07
2012     55+        0.00
2013     12-        0.01
2013     13         7.32
2013     14       129.48
2013     15       736.20
2013     16      2372.07
2013     17      5691.16
2013     18      9362.23
2013     19     14538.35
2013     20     18667.44
2013     21     22849.52
2013     22     26708.60
2013     23     30451.67
2013     24     34380.74
2013     25     38389.79
2013     26     41313.85
2013     27     44058.94
2013     28     46795.00
2013     29     48183.06
2013     30     49485.08
2013     31     50532.14
2013     32     49479.09
2013     33     46437.00
2013     34     41415.87
2013     35     34749.79
2013     36     29324.63
2013     37     24595.53
2013     38     20010.43
2013     39     15843.33
2013     40     11729.26
2013     41      8156.17
2013     42      5214.11
2013     43      3225.06
2013     44      1787.03
2013     45       960.02
2013     46       476.52
2013     47       290.96
2013     48       161.21
2013     49       117.72
2013     50        96.14
2013     51        53.07
2013     52        19.76
2013     53         6.20
2013     54         1.45
2013     55+        0.00
2014     12-        1.01
2014     13        15.36
2014     14       117.73
2014     15       581.97
2014     16      1920.17
2014     17      4971.49
2014     18      8312.74
2014     19     13344.13
2014     20     17517.40
2014     21     20839.69
2014     22     25030.05
2014     23     29128.21
2014     24     32953.46
2014     25     37229.77
2014     26     41532.10
2014     27     44444.38
2014     28     46515.60
2014     29     49659.81
2014     30     49047.73
2014     31     51322.02
2014     32     49787.95
2014     33     47156.59
2014     34     44080.39
2014     35     37678.85
2014     36     30481.38
2014     37     24676.90
2014     38     19906.56
2014     39     15955.21
2014     40     11662.89
2014     41      8111.63
2014     42      5210.35
2014     43      3191.23
2014     44      1793.11
2014     45       907.08
2014     46       528.22
2014     47       278.17
2014     48       187.67
2014     49        99.52
2014     50        92.34
2014     51        52.90
2014     52        20.35
2014     53         6.48
2014     54         1.46
2014     55+        0.00
2015     12-        2.01
2015     13         9.36
2015     14        97.81
2015     15       524.82
2015     16      1875.02
2015     17      4492.06
2015     18      7792.09
2015     19     12041.13
2015     20     16328.17
2015     21     20069.22
2015     22     23701.26
2015     23     27639.29
2015     24     32459.32
2015     25     36683.36
2015     26     40795.40
2015     27     44761.45
2015     28     47792.50
2015     29     50066.51
2015     30     50307.50
2015     31     51556.55
2015     32     49905.53
2015     33     47235.49
2015     34     44260.46
2015     35     40100.41
2015     36     32845.34
2015     37     25745.26
2015     38     20005.21
2015     39     15790.16
2015     40     11655.11
2015     41      8012.08
2015     42      5228.05
2015     43      3135.03
2015     44      1872.01
2015     45       996.01
2015     46       546.72
2015     47       294.19
2015     48       184.54
2015     49       131.79
2015     50       122.94
2015     51        68.57
2015     52        25.03
2015     53         8.58
2015     54         1.66
2015     55+        0.00
2016     12-        0.01
2016     13         7.25
2016     14        99.30
2016     15       459.46
2016     16      1538.04
2016     17      4035.11
2016     18      7131.17
2016     19     11960.29
2016     20     15486.35
2016     21     18709.41
2016     22     22784.51
2016     23     26262.61
2016     24     30764.69
2016     25     35330.78
2016     26     40120.84
2016     27     44031.92
2016     28     48125.05
2016     29     50206.09
2016     30     50850.13
2016     31     52563.16
2016     32     50300.11
2016     33     47646.08
2016     34     44437.98
2016     35     40342.89
2016     36     34666.77
2016     37     27219.57
2016     38     20895.43
2016     39     16066.34
2016     40     11820.26
2016     41      8149.17
2016     42      5272.11
2016     43      3219.07
2016     44      1868.03
2016     45      1029.02
2016     46       577.73
2016     47       289.19
2016     48       189.80
2016     49       136.06
2016     50       131.67
2016     51        74.71
2016     52        26.99
2016     53         8.09
2016     54         1.77
2016     55+        0.00
2017     12-        0.30
2017     13        10.89
2017     14        65.22
2017     15       355.58
2017     16      1257.00
2017     17      3673.01
2017     18      6574.01
2017     19     10952.02
2017     20     15162.02
2017     21     17742.02
2017     22     21548.03
2017     23     24853.03
2017     24     28788.04
2017     25     33755.04
2017     26     38373.06
2017     27     43050.05
2017     28     46142.05
2017     29     49489.07
2017     30     50082.07
2017     31     51211.07
2017     32     50505.07
2017     33     46550.06
2017     34     43356.05
2017     35     38877.05
2017     36     34046.04
2017     37     28515.04
2017     38     21742.03
2017     39     16121.02
2017     40     11568.02
2017     41      8062.01
2017     42      5213.01
2017     43      3039.00
2017     44      1799.00
2017     45      1028.00
2017     46       583.90
2017     47       354.20
2017     48       210.78
2017     49       146.80
2017     50       131.77
2017     51        73.25
2017     52        26.56
2017     53         7.99
2017     54         1.76
2017     55+        0.00
2018     12-        0.13
2018     13         5.01
2018     14        64.20
2018     15       313.66
2018     16      1167.02
2018     17      3170.05
2018     18      6147.09
2018     19     10382.14
2018     20     13757.18
2018     21     16967.23
2018     22     20080.29
2018     23     23200.32
2018     24     27103.38
2018     25     31664.44
2018     26     36203.50
2018     27     40943.56
2018     28     44766.60
2018     29     47453.65
2018     30     49311.66
2018     31     50852.70
2018     32     49030.68
2018     33     45943.63
2018     34     42200.57
2018     35     38233.52
2018     36     33503.46
2018     37     27718.39
2018     38     22215.30
2018     39     16928.24
2018     40     11735.17
2018     41      7855.11
2018     42      5065.07
2018     43      2937.05
2018     44      1739.03
2018     45       995.01
2018     46       594.09
2018     47       328.71
2018     48       235.01
2018     49       145.23
2018     50       139.29
2018     51        78.80
2018     52        27.80
2018     53         8.30
2018     54         1.81
2018     55+        0.00
2019     12-        0.14
2019     13         5.90
2019     14        80.42
2019     15       338.53
2019     16      1117.04
2019     17      2883.09
2019     18      5744.19
2019     19      9631.33
2019     20     13205.44
2019     21     15884.54
2019     22     19495.65
2019     23     21919.75
2019     24     25775.87
2019     25     29692.01
2019     26     34257.16
2019     27     39273.33
2019     28     43148.45
2019     29     46981.57
2019     30     47764.61
2019     31     50525.71
2019     32     48338.63
2019     33     45193.52
2019     34     42429.45
2019     35     37523.27
2019     36     32315.10
2019     37     26874.91
2019     38     22080.75
2019     39     17508.57
2019     40     12229.41
2019     41      7997.27
2019     42      5051.17
2019     43      2999.10
2019     44      1805.06
2019     45      1012.04
2019     46       578.42
2019     47       382.53
2019     48       213.80
2019     49       142.71
2019     50       150.44
2019     51        87.78
2019     52        30.67
2019     53         8.80
2019     54         1.89
2019     55+        0.00
2020     12-        0.13
2020     13         4.88
2020     14        69.07
2020     15       321.97
2020     16       999.15
2020     17      2676.39
2020     18      4936.72
2020     19      8704.27
2020     20     11988.75
2020     21     14703.14
2020     22     17234.51
2020     23     20717.03
2020     24     23614.45
2020     25     27797.04
2020     26     32033.67
2020     27     36488.31
2020     28     41266.00
2020     29     45059.54
2020     30     46679.77
2020     31     48602.04
2020     32     48063.96
2020     33     44571.46
2020     34     40939.94
2020     35     36637.31
2020     36     31418.55
2020     37     25859.76
2020     38     21046.05
2020     39     16682.42
2020     40     12372.80
2020     41      7976.14
2020     42      4907.71
2020     43      2984.44
2020     44      1669.25
2020     45       956.14
2020     46       549.40
2020     47       331.67
2020     48       221.18
2020     49       150.16
2020     50       170.53
2020     51       108.10
2020     52        34.69
2020     53         9.56
2020     54         1.98
2020     55+        0.00
