United Kingdom, Period fertility rates by calendar year, age and birth order (Lexis squares, age in completed years (ACY))
Last modified: 01/12/2022
Year    Age        ASFR       ASFR1       ASFR2       ASFR3       ASFR4      ASFR5p
2013     12-    0.00000     0.00000     0.00000     0.00000     0.00000     0.00000
2013     13     0.00002     0.00002     0.00000     0.00000     0.00000     0.00000
2013     14     0.00036     0.00029     0.00006     0.00001     0.00000     0.00000
2013     15     0.00201     0.00173     0.00027     0.00000     0.00000     0.00000
2013     16     0.00630     0.00549     0.00077     0.00004     0.00000     0.00000
2013     17     0.01527     0.01288     0.00221     0.00017     0.00001     0.00001
2013     18     0.02465     0.01900     0.00512     0.00050     0.00002     0.00001
2013     19     0.03674     0.02606     0.00924     0.00132     0.00010     0.00001
2013     20     0.04603     0.02957     0.01354     0.00257     0.00031     0.00004
2013     21     0.05392     0.03068     0.01817     0.00432     0.00069     0.00007
2013     22     0.06167     0.03147     0.02223     0.00652     0.00124     0.00021
2013     23     0.07066     0.03340     0.02585     0.00882     0.00212     0.00047
2013     24     0.07945     0.03509     0.02929     0.01125     0.00300     0.00082
2013     25     0.08730     0.03713     0.03183     0.01297     0.00416     0.00122
2013     26     0.09478     0.03903     0.03355     0.01503     0.00511     0.00206
2013     27     0.10115     0.04139     0.03586     0.01582     0.00566     0.00242
2013     28     0.10680     0.04322     0.03733     0.01691     0.00630     0.00304
2013     29     0.11156     0.04377     0.03971     0.01764     0.00678     0.00366
2013     30     0.11349     0.04395     0.04049     0.01786     0.00722     0.00398
2013     31     0.11553     0.04238     0.04236     0.01884     0.00739     0.00456
2013     32     0.11243     0.03870     0.04274     0.01898     0.00740     0.00460
2013     33     0.10641     0.03344     0.04150     0.01904     0.00749     0.00495
2013     34     0.09798     0.02930     0.03818     0.01870     0.00722     0.00459
2013     35     0.08784     0.02490     0.03453     0.01723     0.00656     0.00463
2013     36     0.07571     0.02037     0.02876     0.01549     0.00647     0.00463
2013     37     0.06216     0.01570     0.02349     0.01285     0.00574     0.00439
2013     38     0.04941     0.01230     0.01783     0.01070     0.00471     0.00386
2013     39     0.03828     0.00923     0.01384     0.00799     0.00385     0.00337
2013     40     0.02719     0.00688     0.00930     0.00563     0.00273     0.00265
2013     41     0.01822     0.00448     0.00606     0.00368     0.00202     0.00199
2013     42     0.01120     0.00274     0.00357     0.00225     0.00128     0.00136
2013     43     0.00705     0.00181     0.00208     0.00138     0.00079     0.00098
2013     44     0.00381     0.00109     0.00108     0.00062     0.00045     0.00056
2013     45     0.00205     0.00060     0.00052     0.00037     0.00022     0.00033
2013     46     0.00100     0.00038     0.00023     0.00018     0.00008     0.00013
2013     47     0.00061     0.00026     0.00014     0.00008     0.00006     0.00006
2013     48     0.00034     0.00012     0.00010     0.00005     0.00002     0.00005
2013     49     0.00025     0.00012     0.00006     0.00003     0.00002     0.00002
2013     50     0.00021     0.00009     0.00005     0.00003     0.00002     0.00002
2013     51     0.00012     0.00005     0.00003     0.00002     0.00001     0.00001
2013     52     0.00004     0.00002     0.00001     0.00001     0.00000     0.00000
2013     53     0.00001     0.00001     0.00000     0.00000     0.00000     0.00000
2013     54     0.00000     0.00000     0.00000     0.00000     0.00000     0.00000
2013     55+    0.00000     0.00000     0.00000     0.00000     0.00000     0.00000
2014     12-    0.00000     0.00000     0.00000     0.00000     0.00000     0.00000
2014     13     0.00004     0.00004     0.00001     0.00000     0.00000     0.00000
2014     14     0.00033     0.00029     0.00004     0.00000     0.00000     0.00000
2014     15     0.00161     0.00137     0.00022     0.00002     0.00001     0.00000
2014     16     0.00520     0.00446     0.00070     0.00003     0.00001     0.00000
2014     17     0.01312     0.01105     0.00193     0.00012     0.00002     0.00000
2014     18     0.02209     0.01726     0.00437     0.00041     0.00005     0.00001
2014     19     0.03450     0.02500     0.00832     0.00109     0.00009     0.00001
2014     20     0.04349     0.02835     0.01271     0.00217     0.00025     0.00002
2014     21     0.05073     0.02908     0.01705     0.00389     0.00061     0.00010
2014     22     0.05813     0.03053     0.02066     0.00560     0.00116     0.00018
2014     23     0.06627     0.03184     0.02415     0.00801     0.00182     0.00044
2014     24     0.07569     0.03378     0.02768     0.01066     0.00285     0.00072
2014     25     0.08535     0.03586     0.03163     0.01281     0.00387     0.00117
2014     26     0.09372     0.03917     0.03339     0.01476     0.00469     0.00171
2014     27     0.10121     0.04150     0.03606     0.01567     0.00554     0.00244
2014     28     0.10613     0.04272     0.03760     0.01676     0.00618     0.00286
2014     29     0.11262     0.04469     0.04026     0.01771     0.00664     0.00331
2014     30     0.11302     0.04431     0.04021     0.01772     0.00688     0.00390
2014     31     0.11736     0.04356     0.04355     0.01900     0.00707     0.00417
2014     32     0.11349     0.03953     0.04346     0.01867     0.00715     0.00470
2014     33     0.10687     0.03419     0.04206     0.01838     0.00730     0.00495
2014     34     0.10079     0.03039     0.03984     0.01846     0.00710     0.00500
2014     35     0.08896     0.02550     0.03514     0.01679     0.00688     0.00464
2014     36     0.07685     0.02069     0.02986     0.01556     0.00607     0.00468
2014     37     0.06357     0.01641     0.02381     0.01347     0.00557     0.00431
2014     38     0.05020     0.01283     0.01832     0.01039     0.00470     0.00396
2014     39     0.03933     0.00982     0.01406     0.00818     0.00378     0.00349
2014     40     0.02813     0.00737     0.00968     0.00560     0.00280     0.00267
2014     41     0.01879     0.00483     0.00620     0.00390     0.00188     0.00198
2014     42     0.01163     0.00289     0.00370     0.00246     0.00117     0.00139
2014     43     0.00685     0.00171     0.00214     0.00134     0.00076     0.00091
2014     44     0.00392     0.00103     0.00116     0.00067     0.00047     0.00059
2014     45     0.00193     0.00060     0.00051     0.00032     0.00023     0.00028
2014     46     0.00113     0.00038     0.00028     0.00019     0.00015     0.00013
2014     47     0.00058     0.00022     0.00018     0.00007     0.00003     0.00009
2014     48     0.00039     0.00017     0.00010     0.00005     0.00004     0.00004
2014     49     0.00021     0.00009     0.00006     0.00003     0.00002     0.00002
2014     50     0.00020     0.00008     0.00005     0.00003     0.00001     0.00003
2014     51     0.00011     0.00004     0.00003     0.00002     0.00000     0.00002
2014     52     0.00004     0.00002     0.00001     0.00001     0.00000     0.00000
2014     53     0.00001     0.00001     0.00000     0.00000     0.00000     0.00000
2014     54     0.00000     0.00000     0.00000     0.00000     0.00000     0.00000
2014     55+    0.00000     0.00000     0.00000     0.00000     0.00000     0.00000
2015     12-    0.00001     0.00001     0.00000     0.00000     0.00000     0.00000
2015     13     0.00003     0.00002     0.00000     0.00000     0.00000     0.00000
2015     14     0.00028     0.00025     0.00003     0.00000     0.00000     0.00000
2015     15     0.00148     0.00132     0.00015     0.00001     0.00000     0.00000
2015     16     0.00515     0.00452     0.00055     0.00005     0.00002     0.00001
2015     17     0.01208     0.01033     0.00163     0.00010     0.00001     0.00000
2015     18     0.02034     0.01647     0.00350     0.00034     0.00003     0.00001
2015     19     0.03136     0.02341     0.00704     0.00084     0.00006     0.00001
2015     20     0.04136     0.02792     0.01150     0.00174     0.00017     0.00003
2015     21     0.04910     0.02933     0.01580     0.00336     0.00052     0.00009
2015     22     0.05668     0.03013     0.02003     0.00530     0.00107     0.00015
2015     23     0.06313     0.03078     0.02322     0.00713     0.00157     0.00042
2015     24     0.07297     0.03344     0.02666     0.00958     0.00264     0.00065
2015     25     0.08345     0.03663     0.03047     0.01187     0.00337     0.00111
2015     26     0.09261     0.03926     0.03307     0.01406     0.00449     0.00173
2015     27     0.10008     0.04210     0.03525     0.01518     0.00535     0.00220
2015     28     0.10794     0.04463     0.03775     0.01651     0.00623     0.00282
2015     29     0.11331     0.04544     0.04042     0.01757     0.00656     0.00332
2015     30     0.11339     0.04494     0.04049     0.01769     0.00649     0.00377
2015     31     0.11836     0.04474     0.04367     0.01868     0.00701     0.00426
2015     32     0.11367     0.04029     0.04357     0.01798     0.00715     0.00468
2015     33     0.10731     0.03480     0.04213     0.01854     0.00720     0.00465
2015     34     0.10004     0.03058     0.03981     0.01809     0.00698     0.00458
2015     35     0.09146     0.02583     0.03645     0.01737     0.00695     0.00486
2015     36     0.07730     0.02093     0.03025     0.01533     0.00615     0.00463
2015     37     0.06471     0.01667     0.02468     0.01324     0.00573     0.00438
2015     38     0.05139     0.01308     0.01905     0.01075     0.00466     0.00385
2015     39     0.03972     0.00976     0.01457     0.00820     0.00378     0.00341
2015     40     0.02865     0.00743     0.00992     0.00571     0.00288     0.00269
2015     41     0.01930     0.00471     0.00660     0.00375     0.00211     0.00212
2015     42     0.01209     0.00309     0.00390     0.00234     0.00126     0.00149
2015     43     0.00699     0.00179     0.00225     0.00140     0.00073     0.00081
2015     44     0.00402     0.00107     0.00114     0.00077     0.00039     0.00065
2015     45     0.00217     0.00066     0.00055     0.00037     0.00026     0.00033
2015     46     0.00116     0.00042     0.00033     0.00014     0.00011     0.00016
2015     47     0.00063     0.00026     0.00017     0.00007     0.00005     0.00007
2015     48     0.00039     0.00017     0.00010     0.00006     0.00002     0.00004
2015     49     0.00028     0.00013     0.00008     0.00004     0.00001     0.00002
2015     50     0.00026     0.00012     0.00006     0.00004     0.00002     0.00002
2015     51     0.00014     0.00007     0.00003     0.00002     0.00001     0.00001
2015     52     0.00005     0.00002     0.00001     0.00001     0.00001     0.00000
2015     53     0.00002     0.00001     0.00000     0.00000     0.00000     0.00000
2015     54     0.00000     0.00000     0.00000     0.00000     0.00000     0.00000
2015     55+    0.00000     0.00000     0.00000     0.00000     0.00000     0.00000
2016     12-    0.00000     0.00000     0.00000     0.00000     0.00000     0.00000
2016     13     0.00002     0.00002     0.00000     0.00000     0.00000     0.00000
2016     14     0.00029     0.00028     0.00001     0.00000     0.00000     0.00000
2016     15     0.00132     0.00126     0.00006     0.00000     0.00000     0.00000
2016     16     0.00431     0.00398     0.00031     0.00001     0.00000     0.00000
2016     17     0.01100     0.00977     0.00115     0.00006     0.00001     0.00000
2016     18     0.01897     0.01593     0.00276     0.00025     0.00002     0.00000
2016     19     0.03062     0.02370     0.00622     0.00065     0.00004     0.00002
2016     20     0.03954     0.02777     0.00999     0.00158     0.00018     0.00002
2016     21     0.04675     0.02917     0.01434     0.00287     0.00030     0.00006
2016     22     0.05484     0.03075     0.01831     0.00476     0.00086     0.00015
2016     23     0.06183     0.03171     0.02188     0.00655     0.00138     0.00031
2016     24     0.06952     0.03403     0.02445     0.00846     0.00198     0.00059
2016     25     0.07873     0.03678     0.02773     0.01055     0.00281     0.00087
2016     26     0.09045     0.04120     0.03113     0.01258     0.00408     0.00145
2016     27     0.09913     0.04323     0.03460     0.01430     0.00508     0.00192
2016     28     0.10676     0.04644     0.03705     0.01507     0.00563     0.00256
2016     29     0.11256     0.04811     0.03866     0.01656     0.00610     0.00313
2016     30     0.11445     0.04805     0.03988     0.01677     0.00632     0.00343
2016     31     0.11807     0.04717     0.04284     0.01744     0.00682     0.00380
2016     32     0.11504     0.04342     0.04278     0.01764     0.00676     0.00444
2016     33     0.10815     0.03719     0.04226     0.01750     0.00680     0.00440
2016     34     0.10070     0.03293     0.03992     0.01687     0.00646     0.00454
2016     35     0.09099     0.02778     0.03622     0.01595     0.00644     0.00459
2016     36     0.07884     0.02221     0.03102     0.01502     0.00597     0.00463
2016     37     0.06388     0.01694     0.02511     0.01234     0.00532     0.00417
2016     38     0.05241     0.01344     0.02005     0.01051     0.00468     0.00373
2016     39     0.04118     0.01080     0.01502     0.00820     0.00398     0.00318
2016     40     0.02965     0.00797     0.01056     0.00552     0.00282     0.00278
2016     41     0.01999     0.00532     0.00688     0.00384     0.00192     0.00204
2016     42     0.01267     0.00334     0.00410     0.00242     0.00130     0.00150
2016     43     0.00743     0.00209     0.00226     0.00131     0.00083     0.00095
2016     44     0.00416     0.00123     0.00121     0.00072     0.00038     0.00061
2016     45     0.00221     0.00077     0.00061     0.00032     0.00025     0.00026
2016     46     0.00126     0.00051     0.00033     0.00016     0.00009     0.00017
2016     47     0.00062     0.00029     0.00014     0.00008     0.00003     0.00008
2016     48     0.00040     0.00016     0.00012     0.00005     0.00003     0.00005
2016     49     0.00029     0.00012     0.00007     0.00004     0.00002     0.00004
2016     50     0.00028     0.00011     0.00008     0.00004     0.00002     0.00004
2016     51     0.00016     0.00006     0.00005     0.00002     0.00001     0.00002
2016     52     0.00006     0.00002     0.00002     0.00001     0.00000     0.00001
2016     53     0.00002     0.00001     0.00001     0.00000     0.00000     0.00000
2016     54     0.00000     0.00000     0.00000     0.00000     0.00000     0.00000
2016     55+    0.00000     0.00000     0.00000     0.00000     0.00000     0.00000
2017     12-    0.00000     0.00000     0.00000     0.00000     0.00000     0.00000
2017     13     0.00003     0.00003     0.00000     0.00000     0.00000     0.00000
2017     14     0.00019     0.00018     0.00001     0.00000     0.00000     0.00000
2017     15     0.00104     0.00101     0.00003     0.00000     0.00000     0.00000
2017     16     0.00359     0.00345     0.00015     0.00000     0.00000     0.00000
2017     17     0.01022     0.00945     0.00074     0.00003     0.00000     0.00000
2017     18     0.01773     0.01511     0.00238     0.00023     0.00001     0.00000
2017     19     0.02860     0.02282     0.00518     0.00055     0.00004     0.00001
2017     20     0.03812     0.02741     0.00930     0.00125     0.00015     0.00003
2017     21     0.04476     0.02886     0.01308     0.00245     0.00034     0.00004
2017     22     0.05301     0.03048     0.01743     0.00413     0.00086     0.00011
2017     23     0.05896     0.03089     0.02065     0.00590     0.00122     0.00030
2017     24     0.06717     0.03310     0.02359     0.00786     0.00210     0.00051
2017     25     0.07572     0.03641     0.02632     0.00955     0.00269     0.00076
2017     26     0.08491     0.03947     0.02943     0.01120     0.00346     0.00135
2017     27     0.09643     0.04360     0.03303     0.01360     0.00435     0.00184
2017     28     0.10326     0.04547     0.03498     0.01500     0.00531     0.00249
2017     29     0.10918     0.04719     0.03746     0.01588     0.00574     0.00290
2017     30     0.11182     0.04734     0.03859     0.01650     0.00599     0.00340
2017     31     0.11491     0.04634     0.04128     0.01685     0.00654     0.00389
2017     32     0.11306     0.04275     0.04263     0.01674     0.00675     0.00418
2017     33     0.10609     0.03683     0.04116     0.01705     0.00661     0.00445
2017     34     0.09816     0.03167     0.03931     0.01629     0.00647     0.00441
2017     35     0.08789     0.02728     0.03491     0.01511     0.00613     0.00446
2017     36     0.07658     0.02238     0.02982     0.01409     0.00580     0.00449
2017     37     0.06472     0.01789     0.02487     0.01232     0.00516     0.00448
2017     38     0.05096     0.01354     0.01916     0.00993     0.00451     0.00382
2017     39     0.04037     0.01042     0.01510     0.00787     0.00360     0.00338
2017     40     0.02959     0.00800     0.01038     0.00568     0.00284     0.00269
2017     41     0.02020     0.00535     0.00680     0.00395     0.00209     0.00201
2017     42     0.01276     0.00328     0.00425     0.00240     0.00120     0.00163
2017     43     0.00729     0.00200     0.00223     0.00128     0.00080     0.00098
2017     44     0.00415     0.00130     0.00121     0.00072     0.00041     0.00052
2017     45     0.00229     0.00080     0.00057     0.00034     0.00029     0.00028
2017     46     0.00125     0.00048     0.00032     0.00019     0.00011     0.00015
2017     47     0.00077     0.00033     0.00020     0.00010     0.00005     0.00009
2017     48     0.00045     0.00021     0.00013     0.00005     0.00002     0.00003
2017     49     0.00031     0.00013     0.00008     0.00003     0.00003     0.00005
2017     50     0.00028     0.00013     0.00007     0.00003     0.00002     0.00003
2017     51     0.00015     0.00008     0.00004     0.00002     0.00001     0.00001
2017     52     0.00006     0.00003     0.00001     0.00001     0.00000     0.00000
2017     53     0.00002     0.00001     0.00000     0.00000     0.00000     0.00000
2017     54     0.00000     0.00000     0.00000     0.00000     0.00000     0.00000
2017     55+    0.00000     0.00000     0.00000     0.00000     0.00000     0.00000
2018     12-    0.00000     0.00000     0.00000     0.00000     0.00000     0.00000
2018     13     0.00001     0.00001     0.00000     0.00000     0.00000     0.00000
2018     14     0.00018     0.00018     0.00000     0.00000     0.00000     0.00000
2018     15     0.00090     0.00089     0.00001     0.00000     0.00000     0.00000
2018     16     0.00339     0.00323     0.00016     0.00001     0.00000     0.00000
2018     17     0.00899     0.00824     0.00072     0.00002     0.00000     0.00000
2018     18     0.01693     0.01463     0.00212     0.00017     0.00001     0.00000
2018     19     0.02747     0.02217     0.00478     0.00048     0.00003     0.00001
2018     20     0.03528     0.02550     0.00859     0.00107     0.00010     0.00002
2018     21     0.04217     0.02765     0.01195     0.00221     0.00033     0.00004
2018     22     0.04981     0.02908     0.01621     0.00379     0.00061     0.00013
2018     23     0.05618     0.03018     0.01935     0.00527     0.00115     0.00023
2018     24     0.06366     0.03283     0.02170     0.00696     0.00168     0.00048
2018     25     0.07333     0.03656     0.02476     0.00863     0.00255     0.00083
2018     26     0.08069     0.03910     0.02691     0.01031     0.00315     0.00122
2018     27     0.09010     0.04267     0.03046     0.01144     0.00385     0.00168
2018     28     0.09984     0.04546     0.03379     0.01358     0.00472     0.00228
2018     29     0.10574     0.04694     0.03603     0.01441     0.00542     0.00293
2018     30     0.10846     0.04694     0.03775     0.01491     0.00554     0.00331
2018     31     0.11318     0.04648     0.04090     0.01586     0.00620     0.00375
2018     32     0.10963     0.04215     0.04170     0.01568     0.00629     0.00381
2018     33     0.10249     0.03653     0.03986     0.01587     0.00611     0.00412
2018     34     0.09588     0.03168     0.03858     0.01544     0.00600     0.00419
2018     35     0.08632     0.02686     0.03447     0.01475     0.00583     0.00441
2018     36     0.07555     0.02207     0.02989     0.01389     0.00550     0.00420
2018     37     0.06226     0.01699     0.02433     0.01183     0.00506     0.00405
2018     38     0.05039     0.01357     0.01918     0.00981     0.00420     0.00363
2018     39     0.03964     0.01043     0.01459     0.00792     0.00357     0.00314
2018     40     0.02935     0.00821     0.01010     0.00571     0.00277     0.00255
2018     41     0.02008     0.00527     0.00686     0.00377     0.00205     0.00215
2018     42     0.01267     0.00339     0.00431     0.00235     0.00120     0.00142
2018     43     0.00719     0.00192     0.00220     0.00144     0.00072     0.00091
2018     44     0.00417     0.00127     0.00124     0.00070     0.00042     0.00055
2018     45     0.00229     0.00078     0.00063     0.00033     0.00023     0.00032
2018     46     0.00132     0.00057     0.00035     0.00018     0.00010     0.00012
2018     47     0.00070     0.00030     0.00018     0.00010     0.00004     0.00008
2018     48     0.00051     0.00026     0.00012     0.00005     0.00003     0.00006
2018     49     0.00031     0.00016     0.00009     0.00002     0.00001     0.00002
2018     50     0.00030     0.00016     0.00006     0.00003     0.00003     0.00002
2018     51     0.00017     0.00009     0.00003     0.00002     0.00002     0.00001
2018     52     0.00006     0.00003     0.00001     0.00001     0.00001     0.00000
2018     53     0.00002     0.00001     0.00000     0.00000     0.00000     0.00000
2018     54     0.00000     0.00000     0.00000     0.00000     0.00000     0.00000
2018     55+    0.00000     0.00000     0.00000     0.00000     0.00000     0.00000
2019     12-    0.00000     0.00000     0.00000     0.00000     0.00000     0.00000
2019     13     0.00002     0.00002     0.00000     0.00000     0.00000     0.00000
2019     14     0.00022     0.00022     0.00000     0.00000     0.00000     0.00000
2019     15     0.00095     0.00092     0.00003     0.00000     0.00000     0.00000
2019     16     0.00320     0.00307     0.00013     0.00000     0.00000     0.00000
2019     17     0.00835     0.00778     0.00055     0.00002     0.00000     0.00000
2019     18     0.01619     0.01431     0.00176     0.00012     0.00000     0.00000
2019     19     0.02622     0.02127     0.00446     0.00046     0.00003     0.00000
2019     20     0.03458     0.02575     0.00757     0.00112     0.00012     0.00002
2019     21     0.04048     0.02680     0.01113     0.00220     0.00030     0.00005
2019     22     0.04799     0.02875     0.01511     0.00344     0.00059     0.00010
2019     23     0.05388     0.03030     0.01743     0.00490     0.00105     0.00021
2019     24     0.06208     0.03286     0.02091     0.00634     0.00154     0.00042
2019     25     0.06949     0.03535     0.02295     0.00817     0.00229     0.00073
2019     26     0.07908     0.03938     0.02595     0.00958     0.00308     0.00110
2019     27     0.08730     0.04198     0.02918     0.01091     0.00369     0.00154
2019     28     0.09478     0.04460     0.03170     0.01223     0.00425     0.00199
2019     29     0.10457     0.04739     0.03549     0.01414     0.00502     0.00252
2019     30     0.10629     0.04691     0.03617     0.01441     0.00564     0.00315
2019     31     0.11094     0.04651     0.04000     0.01524     0.00573     0.00346
2019     32     0.10739     0.04216     0.04015     0.01534     0.00583     0.00392
2019     33     0.10088     0.03620     0.03993     0.01508     0.00584     0.00384
2019     34     0.09450     0.03169     0.03766     0.01545     0.00571     0.00399
2019     35     0.08514     0.02691     0.03403     0.01451     0.00569     0.00399
2019     36     0.07288     0.02134     0.02906     0.01327     0.00506     0.00415
2019     37     0.06057     0.01682     0.02376     0.01137     0.00485     0.00379
2019     38     0.04959     0.01355     0.01894     0.00958     0.00398     0.00353
2019     39     0.03970     0.01079     0.01474     0.00752     0.00351     0.00315
2019     40     0.02863     0.00784     0.01034     0.00542     0.00259     0.00244
2019     41     0.02001     0.00541     0.00669     0.00384     0.00202     0.00204
2019     42     0.01291     0.00344     0.00431     0.00240     0.00126     0.00150
2019     43     0.00750     0.00202     0.00232     0.00143     0.00083     0.00090
2019     44     0.00442     0.00131     0.00136     0.00070     0.00043     0.00062
2019     45     0.00243     0.00085     0.00067     0.00034     0.00024     0.00032
2019     46     0.00133     0.00057     0.00037     0.00015     0.00007     0.00017
2019     47     0.00085     0.00037     0.00028     0.00007     0.00006     0.00008
2019     48     0.00046     0.00025     0.00010     0.00004     0.00002     0.00005
2019     49     0.00031     0.00014     0.00009     0.00002     0.00002     0.00004
2019     50     0.00032     0.00014     0.00011     0.00003     0.00002     0.00002
2019     51     0.00019     0.00008     0.00006     0.00002     0.00001     0.00001
2019     52     0.00006     0.00003     0.00002     0.00001     0.00000     0.00000
2019     53     0.00002     0.00001     0.00001     0.00000     0.00000     0.00000
2019     54     0.00000     0.00000     0.00000     0.00000     0.00000     0.00000
2019     55+    0.00000     0.00000     0.00000     0.00000     0.00000     0.00000
2020     12-    0.00000     0.00000     0.00000     0.00000     0.00000     0.00000
2020     13     0.00001     0.00001     0.00000     0.00000     0.00000     0.00000
2020     14     0.00018     0.00018     0.00000     0.00000     0.00000     0.00000
2020     15     0.00088     0.00085     0.00003     0.00000     0.00000     0.00000
2020     16     0.00280     0.00272     0.00007     0.00001     0.00000     0.00000
2020     17     0.00767     0.00717     0.00049     0.00001     0.00000     0.00000
2020     18     0.01429     0.01254     0.00168     0.00005     0.00001     0.00000
2020     19     0.02450     0.02024     0.00390     0.00035     0.00001     0.00000
2020     20     0.03261     0.02454     0.00704     0.00091     0.00011     0.00001
2020     21     0.03849     0.02616     0.01003     0.00196     0.00030     0.00005
2020     22     0.04390     0.02696     0.01336     0.00290     0.00056     0.00013
2020     23     0.05098     0.02924     0.01607     0.00443     0.00100     0.00023
2020     24     0.05806     0.03140     0.01897     0.00583     0.00148     0.00038
2020     25     0.06698     0.03510     0.02164     0.00741     0.00213     0.00071
2020     26     0.07499     0.03853     0.02408     0.00868     0.00278     0.00093
2020     27     0.08424     0.04189     0.02729     0.01013     0.00334     0.00160
2020     28     0.09175     0.04463     0.03001     0.01145     0.00388     0.00178
2020     29     0.09898     0.04709     0.03250     0.01256     0.00453     0.00231
2020     30     0.10390     0.04764     0.03505     0.01335     0.00494     0.00293
2020     31     0.10817     0.04656     0.03822     0.01473     0.00525     0.00340
2020     32     0.10556     0.04289     0.03883     0.01454     0.00576     0.00354
2020     33     0.09905     0.03685     0.03781     0.01472     0.00584     0.00383
2020     34     0.09142     0.03150     0.03566     0.01469     0.00570     0.00387
2020     35     0.08163     0.02678     0.03219     0.01337     0.00551     0.00377
2020     36     0.07132     0.02171     0.02804     0.01248     0.00503     0.00407
2020     37     0.05835     0.01686     0.02272     0.01070     0.00445     0.00362
2020     38     0.04746     0.01309     0.01796     0.00897     0.00393     0.00351
2020     39     0.03749     0.01045     0.01381     0.00705     0.00323     0.00295
2020     40     0.02808     0.00788     0.00994     0.00528     0.00255     0.00243
2020     41     0.01869     0.00506     0.00630     0.00353     0.00190     0.00191
2020     42     0.01229     0.00338     0.00392     0.00243     0.00127     0.00129
2020     43     0.00763     0.00224     0.00235     0.00139     0.00069     0.00095
2020     44     0.00418     0.00134     0.00114     0.00075     0.00045     0.00050
2020     45     0.00234     0.00081     0.00065     0.00034     0.00021     0.00032
2020     46     0.00132     0.00057     0.00035     0.00015     0.00009     0.00015
2020     47     0.00077     0.00035     0.00022     0.00008     0.00006     0.00005
2020     48     0.00049     0.00026     0.00013     0.00005     0.00002     0.00003
2020     49     0.00032     0.00016     0.00008     0.00003     0.00003     0.00003
2020     50     0.00037     0.00019     0.00010     0.00003     0.00003     0.00003
2020     51     0.00023     0.00012     0.00007     0.00002     0.00001     0.00001
2020     52     0.00007     0.00004     0.00002     0.00001     0.00000     0.00000
2020     53     0.00002     0.00001     0.00001     0.00000     0.00000     0.00000
2020     54     0.00000     0.00000     0.00000     0.00000     0.00000     0.00000
2020     55+    0.00000     0.00000     0.00000     0.00000     0.00000     0.00000
